Time,FC,PAS,PAM,PAD
-1,66,132,84,89
0,72.6,145.2,92.4,89
30,72.3299,143.661,94.0684,89
60,73.0034,147.616,94.6727,89
90,72.0103,147.126,94.1923,89
120,74.1254,146.032,92.1258,89
150,78.225,145.436,101.946,89
180,80.8006,148.537,102.55,89
210,73.6377,142.555,101.109,89
240,74.1597,142.054,102.618,89
270,72.0689,145.779,90.2813,89
300,72.2863,141.819,92.4484,89
330,73.6837,144.47,93.2135,89
360,70.8397,142.425,91.4872,89
390,73.142,147.912,94.2053,89
420,73.8134,145.887,94.6238,89
450,72.9386,146.798,91.4102,86.9971
480,75.2258,143.336,89.9158,88.0374
510,72.5456,147.682,93.6276,90.4909
540,74.876,146.768,94.3333,89.5007
570,72.8671,145.522,92.549,89.3241
600,71.9327,145.694,91.0313,87.8419
630,73.1351,144.874,91.6271,87.7471
660,72.9679,140.173,92.8396,90.8161
690,71.0423,144.679,92.6949,87.9077
720,73.3041,145.938,93.503,89.7005
750,72.3024,146.857,93.306,89.9616
780,71.8833,148.537,97.5702,90.325
810,71.6512,111.436,75.7409,68.642
840,72.2849,121.027,73.5464,73.3624
870,72.107,119.772,72.8003,68.334
900,68.4728,118.115,75.0733,71.8726
930,71.5524,117.334,75.169,68.7396
960,67.2828,111.12,79.2018,71.2562
990,68.2934,115.46,70.9513,71.0781
1020,65.7173,113.672,69.536,74.4223
1050,63.6609,120.463,72.6873,72.6135
1080,65.2547,113.321,68.8513,69.7456
1110,64.261,116.588,76.61,71.9946
1140,67.2077,113.878,90.0482,73.5288
1170,64.6692,115.4,91.9139,69.0031
1200,63.1273,142.724,90.8477,88.179
1230,67.3785,147.274,90.824,89.1147
1260,66.0118,143.95,95.3978,86.6664
1290,63.8024,145.146,95.2859,89.3499
1320,67.7459,146.106,91.2849,87.7654
1350,67.8516,144.359,90.9741,86.8413
1380,62.7909,103.791,66.4607,62.8736
1410,52.7384,100.204,40.4319,60.9743
1440,55.1044,104.424,42.9911,61.5196
1470,52.5649,98.605,42.7989,64.1527
1500,54.8227,100.105,43.658,61.8405
1530,52.7152,108.327,39.1259,62.7569
1560,52.9396,97.3017,43.5048,61.6737
1590,52.2979,102.107,44.4768,62.2006
1620,58.8285,96.6531,61.5143,59.9848
1650,57.6218,94.8378,60.1009,61.4232
1680,60.7198,97.59,59.5228,61.2174
1710,58.236,96.8136,57.9437,63.1179
1740,55.6959,98.0715,58.1939,58.5687
1770,60.4339,96.3762,57.1243,65.1715
1800,57.6551,100.012,59.3973,60.4364
1830,55.5791,91.6629,59.2397,61.5895
1860,55.6861,96.1589,59.1519,63.9387
1890,57.5551,93.6215,61.5168,64.5759
1920,56.5418,97.6808,62.4641,63.8584
1950,56.3294,99.0691,58.3905,62.6584
1980,56.3125,101.763,60.0791,65.6071
2010,55.4137,64.6376,42.9877,43.8381
2040,51.5071,63.4334,43.8642,41.5462
2070,49.8436,63.519,41.9298,46.254
2100,52.5507,70.3089,42.6215,46.7578
2130,57.9695,65.0582,47.7661,43.299
2160,56.0033,70.8351,46.8082,45.8288
2190,55.4133,66.4824,46.1513,42.6591
2220,54.9052,66.7106,45.7562,44.6061
2250,53.5557,65.7327,45.7566,42.5018
2280,55.8047,71.6334,44.4722,44.3886
2310,54.1104,66.4283,46.6473,46.0005
2340,55.2765,64.373,45.2645,43.0292
2370,65.0634,79.5385,55.017,39.3502
2400,61.6229,86.7796,58.7902,43.6201
2430,57.334,72.9386,50.8003,39.7199
2460,54.7422,76.4542,51.8504,41.4056
2490,52.3148,69.9124,52.5163,39.552
2520,53.742,74.0035,55.0288,45.869
2550,56.5135,81.1825,50.8285,49.1737
2580,56.8784,65.2603,51.1417,41.5394
2610,55.7886,78.9574,56.201,39.3825
2640,52.7128,77.0055,48.0195,41.4179
2670,54.2279,73.4957,52.1253,45.1497
2700,54.4287,76.9399,57.5605,38.2349
2730,54.7682,74.1634,55.2433,46.9321
2760,53.0356,76.1604,52.5006,45.4382
2790,53.9126,69.8295,52.8187,46.5706
2820,55.6454,71.7903,48.6712,43.8622
2850,55.8077,71.5553,56.0301,41.7429
2880,54.5577,72.2628,54.2119,41.9457
2910,52.9026,74.256,51.035,44.4035
2940,53.4437,68.1961,52.6147,39.5597
2970,55.9707,74.8738,50.5234,41.8038
3000,54.1838,70.7712,51.9788,44.611
3030,54.9422,67.5631,52.283,44.369
3060,57.2779,76.0441,51.7652,42.7332
3090,54.3072,69.7101,55.0784,44.9665
3120,55.1092,74.7619,52.6469,41.0795
3150,56.7024,69.2572,50.4558,42.0867
3180,55.3198,75.8758,51.3759,43.3261
3210,54.6193,70.7791,53.3863,43.6824
3240,65.072,88.0382,58.4594,45.3155
3270,68.4416,86.5181,58.66,43.921
3300,67.6197,78.1613,53.094,48.3795
3330,69.1433,79.8258,56.0877,42.8573
3360,71.6171,87.5932,56.5317,44.4963
3390,67.8389,86.6546,60.9987,44.1892
3420,72.9057,87.2295,57.7855,49.2567
3450,69.8489,85.3463,59.8086,45.6183
3480,70.5332,87.4042,61.5154,43.2494
3510,67.563,81.9404,62.0557,49.3962
3540,68.6298,76.3346,58.9451,44.383
3570,69.2314,81.6206,57.8563,46.4314
3600,76.4628,83.8801,59.7429,48.3454
3630,75.3774,86.5843,58.4147,45.4061
3660,80.8114,87.6307,58.4885,44.4172
3690,77.7966,85.1318,62.1667,47.392
3720,78.3055,82.246,56.6282,43.8549
3750,80.5008,81.7831,58.7145,45.2469
3780,77.2022,89.1939,59.1815,42.6418
3810,75.7122,83.3413,57.5,45.1008
3840,78.1665,83.8367,56.9301,47.5538
3870,80.015,84.1533,61.7602,43.7658
3900,80.9062,86.4286,58.6952,46.5039
3930,79.5771,86.6157,55.1065,39.0294
3960,81.2976,86.1167,55.6282,42.303
3990,80.0835,84.0221,58.4023,41.3773
4020,79.346,80.6612,57.1914,43.6575
4050,82.0872,88.8736,58.8024,43.9245
4080,83.0214,82.5206,59.7558,43.7033
4110,79.6269,84.9544,55.177,44.7664
4140,77.8416,87.3141,59.7571,41.3719
4170,77.4388,84.537,57.6792,43.5379
4200,76.2054,87.0721,56.1054,39.3148
4230,76.9606,83.331,57.0102,43.8968
4260,77.8825,88.5422,58.4968,44.4275
4290,76.4224,87.083,60.9931,43.6537
4320,73.7133,89.9582,60.4414,44.8606
4350,73.9203,82.2458,53.2501,42.1322
4380,75.4828,82.6329,55.1275,43.217
4410,74.5401,87.7303,59.1483,47.5004
4440,73.5248,85.267,55.7408,43.9178
4470,71.0397,90.2458,57.7507,41.6197
4500,74.1693,89.4849,60.2618,43.7463
4530,71.9638,84.4831,58.7894,42.3048
4560,73.8554,87.5033,58.4244,46.2442
4590,74.0596,88.0956,57.6806,46.4593
4620,74.0136,81.8135,52.2178,43.3708
4650,75.7027,85.3241,56.5051,43.5555
4680,74.9116,84.2785,58.5663,45.2862
4710,77.4846,83.6373,55.7262,42.7809
4740,74.1677,86.4468,56.2034,44.2494
4770,76.6839,83.5369,60.0258,42.7874
4800,76.4724,83.4976,59.7885,44.5559
4830,74.9723,85.5847,58.8147,42.8301
4860,76.6611,85.6473,61.355,45.755
4890,77.5639,87.2939,58.6365,45.8323
4920,78.8934,80.3074,59.6608,39.4907
4950,79.0007,82.6914,57.8795,43.211
4980,75.2547,84.4669,58.3286,45.0614
5010,74.8251,79.6071,57.4726,39.3213
5040,80.5318,84.8837,53.3423,40.2637
5070,76.418,87.3246,60.3991,40.6049
5100,78.419,82.3578,55.8054,44.6996
5130,74.8354,82.1007,57.4488,45.7965
5160,78.3727,85.7634,60.454,41.393
5190,75.2124,85.6029,54.6819,40.7163
5220,78.1919,80.7113,59.5802,40.9163
5250,77.4267,79.1622,60.2312,41.0378
5280,78.8082,88.4655,54.5575,41.6793
5310,78.2814,79.8089,57.1184,42.9218
5340,77.8341,78.7051,54.4717,41.0651
5370,79.0761,80.5507,57.8123,40.7568
5400,78.1889,83.0429,56.9834,41.1709
5430,76.3754,86.3003,57.8848,45.7148
5460,77.4639,79.3036,54.9516,41.506
5490,77.581,84.5636,56.9974,45.1749
5520,75.6082,83.538,59.3251,41.4894
5550,79.2019,80.5743,54.4902,40.967
5580,77.6833,82.0302,54.9374,42.3456
5610,77.3496,82.2441,56.5006,41.3253
5640,76.7016,85.0456,55.6926,39.0911
5670,80.2809,79.6708,56.8988,39.4952
5700,77.9037,80.5578,58.7855,41.3202
5730,80.6069,84.517,54.1167,45.6589
5760,75.481,80.6613,57.1128,41.8243
5790,79.5971,83.0903,54.3404,40.9482
5820,77.0469,82.2272,55.8588,40.55
5850,76.0312,83.3318,55.5664,43.4889
5880,78.3997,83.7326,57.317,42.3584
5910,77.8078,81.2528,59.1934,42.4567
5940,78.8621,85.4917,56.3351,43.633
5970,77.2571,78.9964,58.1768,44.9836
6000,76.9631,80.0038,56.971,41.4222
6030,78.8804,83.521,56.3917,44.5019
6060,75.2338,82.5776,56.2012,40.3263
6090,81.2498,79.5285,55.7918,44.3913
6120,78.1372,79.7864,57.8043,43.3692
6150,77.5683,82.1854,58.9252,42.3277
6180,76.6021,83.3713,58.7426,43.9013
6210,78.3188,84.0849,57.8273,46.6469
6240,76.0523,80.3836,56.2602,40.5085
6270,80.2072,83.5288,55.135,45.205
6300,79.8869,80.7688,55.58,42.3261
6330,77.8596,77.629,57.5972,43.7473
6360,79.3343,81.1381,58.179,40.3596
6390,80.187,78.4067,57.8243,42.8254
6420,79.9514,84.7678,55.1353,46.8415
6450,78.717,86.2064,58.6049,43.7256
6480,79.0867,84.0625,56.3829,40.0404
6510,78.1912,80.3543,55.2269,43.3996
6540,78.3101,82.4838,59.1806,43.743
6570,81.5561,82.7594,55.5986,44.071
6600,80.1315,79.2324,59.3323,46.4447
6630,82.1432,82.8129,58.0977,40.2594
6660,83.958,84.4772,55.3427,42.4356
6690,82.0719,82.4251,53.955,43.9752
6720,84.2935,79.5483,57.9092,44.2786
6750,83.025,82.935,57.4051,45.4066
6780,86.0165,81.7767,57.6124,45.358
6810,84.0026,84.4682,54.2802,42.3727
6840,85.2585,82.6393,57.3581,43.6137
6870,87.266,85.4392,58.6244,45.1123
6900,87.3194,83.6817,55.2853,40.684
6930,85.8904,86.3314,59.6719,45.5262
6960,86.7754,84.6951,55.7659,45.7693
6990,87.8698,81.928,57.9729,43.6462
7020,87.2456,86.3552,56.0477,43.7717
7050,88.1135,83.1456,56.4585,45.6932
7080,86.4086,86.4207,56.7351,44.5331
7110,85.2898,83.3893,53.5955,43.7723
7140,88.5445,82.6367,55.5086,46.1518
7170,68.0912,66.3568,44.9259,42.5046
7200,68.0756,65.9495,44.9746,45.8614
7230,70.8302,68.5153,42.3225,45.0769
7260,69.5754,67.3894,43.913,44.6459
7290,70.1039,64.8617,44.0135,45.5295
7320,69.9148,63.7516,40.267,44.0952
7350,71.5591,64.5259,43.5481,46.437
7380,71.6606,63.9747,40.4332,45.4514
7410,71.2712,64.2266,43.5615,46.8865
7440,70.9669,66.713,43.7956,45.7637
7470,68.626,68.4803,41.2033,46.0792
7500,69.1025,67.1655,41.0921,46.4693
7530,71.4152,64.6633,42.3197,44.5873
7560,68.7318,66.5968,43.1152,43.4816
7590,70.7433,66.7078,40.3147,45.73
7620,70.4163,64.1834,41.5318,44.9677
7650,61.8546,57.5877,37.5509,42.8474
7680,66.9299,102.054,65.7093,72.8827
7710,68.0949,105.028,65.8604,71.5609
7740,69.3273,105.08,64.9622,71.1915
7770,67.5074,100.273,66.7842,70.5412
7800,69.265,103.708,65.0917,70.4102
7830,68.0073,103.051,63.1406,72.8656
7860,69.5357,102.088,64.7726,72.6956
7890,69.1647,105.081,66.557,70.4912
7920,68.3565,103.32,64.2792,71.944
7950,69.2578,100.529,64.4054,70.0728
7980,67.2232,104.755,66.2378,70.1129
8010,66.7917,104.312,65.6497,71.524
8040,69.0145,101.319,62.8916,72.551
8070,70.1947,100.377,66.2481,71.2915
8100,68.7798,101.685,64.8703,69.3911
8130,68.0826,102.219,64.9058,71.9309
8160,67.1712,104.515,64.7621,71.92
8190,66.8037,104.492,62.948,69.364
8220,69.9261,104.516,64.515,72.2275
8250,69.6147,100.562,64.6431,70.1197
8280,68.3456,102.349,63.6014,70.0251
8310,68.9743,100.148,66.2883,69.1885
8340,68.3105,101.866,63.6501,71.8819
8370,69.9833,103.69,64.7022,72.6921
8400,69.1518,104.882,65.4727,71.4162
8430,70.0203,103.512,65.7712,71.5213
8460,69.0206,100.721,64.6405,70.1262
8490,67.9017,104.645,65.2563,71.7267
8520,68.2523,104.086,66.7077,72.7688
8550,70.0939,104.278,62.9138,69.8805
8580,67.6206,101.075,66.7179,69.0286
8610,70.4884,102.21,66.6778,71.1955
8640,68.3245,103.168,63.5446,69.8171
8670,68.019,104.687,66.3093,72.5699
8700,67.074,101.592,63.6259,70.3737
8730,67.3556,107.859,65.2612,71.402
