Time,FC,PAS,PAM,PAD
-1,61,104,91,86
0,67.1,114.4,100.1,86
30,67.289,116.728,102.009,86
60,66.0109,114.033,98.7351,86
90,67.4056,114.366,98.7921,86
120,68.0916,116.905,101.642,86
150,75.3256,112.574,110.434,86
180,73.7328,114.901,111.266,86
210,67.1096,112.782,100.928,86
240,66.9879,112.171,99.3661,86
270,65.4838,112.889,102.469,86
300,67.6726,112.693,101.758,86
330,67.7527,111.946,101.786,86
360,65.4557,115.235,98.0604,86
390,68.1926,115.118,102.374,86
420,66.1407,115.29,101.641,86
450,68.2338,114.037,102.552,85.4141
480,66.2108,115.498,102.21,86.5306
510,64.7635,118.922,102.07,86.5833
540,68.7513,113.78,101.552,86.6529
570,66.4553,111.022,95.6176,85.8242
600,69.5893,114.183,97.2019,88.113
630,66.6088,113.392,101.464,84.916
660,65.5009,116.326,100.246,87.7123
690,64.433,114.71,102.539,86.4959
720,69.49,110.265,103.847,85.8231
750,63.8825,112.248,99.5669,85.9097
780,67.227,114.425,100.145,87.2014
810,67.6717,114.284,96.7024,87.3857
840,65.6449,110.024,98.4635,83.6212
870,64.6469,90.0979,85.6967,68.339
900,63.4158,91.1707,82.6487,64.5846
930,68.1736,90.4802,83.8116,69.0609
960,64.5472,91.074,82.2577,67.4567
990,66.1613,84.7281,80.0223,69.6094
1020,59.8036,91.838,81.7528,68.8856
1050,62.3326,97.6475,81.363,67.5915
1080,63.7758,99.9367,80.8031,68.687
1110,60.5023,97.91,79.6847,67.1964
1140,62.7112,86.1044,101.804,67.4341
1170,60.0586,97.6153,95.4526,70.0833
1200,59.842,116.33,95.2377,69.1532
1230,60.3865,109.913,97.5201,67.3282
1260,57.3503,112.275,100.086,87.1277
1290,61.1437,117.326,100.754,82.3678
1320,57.2234,113.568,102.008,88.6955
1350,61.6456,116.224,99.2363,88.2465
1380,51.7511,78.3086,89.6911,73.4613
1410,48.7548,76.8326,42.401,60.1645
1440,49.6222,83.8799,44.6469,62.801
1470,50.0158,73.086,44.8025,62.3343
1500,49.312,81.2881,43.0184,62.443
1530,49.7624,80.5215,46.2385,57.6173
1560,49.9086,76.1372,41.7746,56.6054
1590,49.7383,75.0565,41.2763,59.6528
1620,53.8217,75.4212,70.2913,64.1807
1650,52.5834,78.7995,66.5727,57.9464
1680,50.9894,78.9722,66.9638,60.5872
1710,51.1018,71.4058,69.5848,62.8601
1740,50.8483,79.3604,66.6709,59.9035
1770,51.1991,78.3636,64.042,60.1977
1800,52.5806,79.0712,65.1655,60.5452
1830,50.58,77.9205,67.5076,55.9492
1860,50.6034,75.9953,66.7517,62.4366
1890,52.6454,78.4684,65.4654,60.4256
1920,50.1878,74.0443,62.6818,59.7491
1950,55.0293,80.6995,65.7208,61.3487
1980,56.8772,79.9761,65.7006,58.7742
2010,49.4691,48.7639,58.7959,50.1028
2040,49.5141,44.5752,47.0871,43.4779
2070,46.7119,42.788,46.6556,40.2699
2100,44.1854,50.5022,44.0684,39.5431
2130,50.554,56.1192,47.5218,42.6512
2160,49.0441,56.8737,51.0011,45.269
2190,47.0676,44.7503,49.0468,37.0081
2220,52.035,53.2869,52.9395,39.5115
2250,48.3603,50.8819,53.5674,42.0818
2280,47.8162,53.9578,51.853,42.556
2310,46.3494,53.3297,52.6133,44.7314
2340,44.6484,51.7844,50.3759,39.4611
2370,53.7851,66.3599,62.9028,42.0021
2400,57.1223,67.9611,65.4261,42.0671
2430,46.182,48.0501,52.3675,41.6393
2460,48.457,59.2185,51.1396,38.8968
2490,48.8892,53.2641,54.2795,40.7016
2520,48.5886,52.0354,47.9844,38.6725
2550,51.1803,60.6624,50.6514,40.2055
2580,49.0796,54.5001,50.4879,43.5474
2610,45.5036,55.7802,56.2225,39.5732
2640,50.9347,50.3101,57.4329,39.6534
2670,50.3644,58.0532,53.2271,40.0176
2700,49.6946,55.0937,51.8774,41.8879
2730,49.905,56.9435,53.0806,39.6494
2760,47.9152,47.9752,49.5388,38.6494
2790,49.7778,52.5878,48.6306,43.2765
2820,50.5888,60.3652,52.1912,44.5951
2850,45.8097,55.3732,53.9142,43.8989
2880,48.8958,58.7715,49.5982,37.272
2910,50.9811,57.5479,45.2046,43.8383
2940,50.2298,52.7671,49.022,42.5804
2970,49.8687,58.9369,49.8162,44.4406
3000,47.5514,61.5075,54.9242,41.8389
3030,50.7135,56.1743,51.8494,45.6943
3060,56.439,63.8039,59.9413,38.7834
3090,58.2965,69.6809,62.6762,42.8067
3120,61.6063,57.231,64.8125,39.7623
3150,59.0482,67.0119,63.8397,44.5443
3180,58.0093,66.5508,65.7327,40.2833
3210,60.1088,59.1329,62.8439,38.1941
3240,60.1748,64.0634,59.8585,38.1859
3270,57.95,72.8802,59.7959,41.3542
3300,56.8285,63.9567,63.9474,38.7864
3330,59.9243,74.5082,64.3921,40.8442
3360,59.9132,70.0576,60.4739,41.3297
3390,64.3412,74.8972,71.8548,36.5555
3420,67.2264,70.1411,64.495,40.585
3450,61.9875,77.5141,64.9542,42.3556
3480,64.5223,74.1888,63.7428,44.041
3510,64.2482,72.4935,70.0573,41.4053
3540,66.8064,71.6708,70.2987,47.6015
3570,62.1027,68.9627,68.8031,42.2213
3600,64.0399,72.4237,71.4594,45.2603
3630,66.9143,73.8709,70.7701,45.1374
3660,66.4608,70.5654,71.6445,42.8286
3690,68.9985,71.1181,74.4121,41.2145
3720,64.0082,74.6827,65.5621,41.0243
3750,66.3272,77.9517,71.5928,40.1833
3780,65.3366,74.6969,71.0772,41.9685
3810,66.8318,75.6212,70.083,46.7383
3840,66.417,68.1623,71.1267,42.1794
3870,69.6982,64.4921,68.6877,38.4386
3900,65.2294,70.7352,73.7842,42.2331
3930,68.5867,74.7668,72.9035,44.4827
3960,66.9133,74.1636,70.1821,44.033
3990,67.0566,74.7215,70.3369,44.5176
4020,69.2458,71.0515,69.7242,41.7738
4050,67.9047,76.254,72.2266,42.2892
4080,66.786,69.1488,71.3593,40.4316
4110,69.6198,76.2111,76.6818,42.8634
4140,68.1953,69.7316,70.1435,45.3125
4170,67.7439,75.2809,71.901,39.7305
4200,65.8456,81.8849,76.5409,44.0661
4230,63.0388,73.139,68.7,42.9376
4260,65.3155,77.822,71.292,40.5622
4290,67.755,78.2504,73.2644,42.3053
4320,63.4708,75.2179,67.3516,44.1848
4350,66.8354,70.6764,70.6029,43.765
4380,65.6901,80.7817,72.3527,41.2098
4410,66.0741,78.8658,69.9055,47.7915
4440,66.6077,63.3618,70.4493,44.487
4470,66.9109,73.4829,75.075,39.7421
4500,66.8615,79.6268,71.3887,37.0801
4530,67.5103,74.1599,69.2498,42.621
4560,69.8999,71.5291,72.9778,38.89
4590,65.7313,79.0621,68.7435,41.2912
4620,65.2966,72.5433,69.5595,41.9817
4650,66.2993,70.1384,70.6591,44.3431
4680,65.4521,77.8165,70.3223,42.4783
4710,64.3154,75.3742,72.0902,44.1439
4740,64.4056,74.1509,75.8636,43.732
4770,64.1434,72.2601,72.3022,41.1376
4800,67.0827,71.2661,74.6923,44.8996
4830,69.4725,76.1229,71.8274,41.6812
4860,68.3933,73.6054,72.8834,47.2521
4890,68.0712,68.9946,69.1528,42.0734
4920,65.7751,75.5254,69.665,47.0829
4950,69.3385,70.3658,74.9096,42.5446
4980,66.8041,77.4898,70.5195,42.2945
5010,66.9714,78.4263,70.557,42.9802
5040,65.5252,79.2278,74.2001,44.4471
5070,64.995,71.5559,69.2876,43.0302
5100,68.4444,74.628,72.6589,40.5968
5130,67.3672,78.1913,76.5158,40.4347
5160,70.567,65.1011,76.5139,47.9193
5190,67.1881,78.9679,73.7214,45.999
5220,68.2161,72.9512,71.0563,45.4727
5250,67.1144,76.3695,72.6393,43.414
5280,70.7023,76.027,73.3469,41.5466
5310,73.6485,76.026,74.151,44.8072
5340,72.9497,81.6491,72.1231,45.4893
5370,71.598,79.2092,74.9084,46.5918
5400,68.7493,78.9395,70.6719,46.453
5430,72.2807,83.518,72.4628,42.4371
5460,71.9204,80.6641,74.1428,46.183
5490,70.6962,81.9147,70.7956,44.5078
5520,73.1984,77.8098,70.3261,47.3222
5550,70.4135,83.5209,70.3513,44.1718
5580,72.1966,71.17,72.0829,43.3822
5610,71.3398,83.6153,70.5916,48.2149
5640,72.8532,81.1595,70.4674,46.6544
5670,74.8392,79.9347,68.0231,46.1591
5700,74.0246,81.3529,74.724,41.0938
5730,70.4583,75.1298,73.4569,44.851
5760,72.7303,74.411,70.5495,39.6786
5790,70.6657,78.822,72.9517,40.8905
5820,72.5157,82.1852,73.9598,44.4012
5850,72.3244,76.6836,72.2834,42.9611
5880,70.6729,74.7663,72.8052,45.0491
5910,72.0982,78.0302,72.605,43.7338
5940,70.3439,82.5235,72.0796,41.9139
5970,70.0655,77.7126,72.3716,44.6836
6000,73.1416,77.6492,71.6958,46.5807
6030,72.7141,77.5841,72.6532,42.3233
6060,70.5192,82.6071,71.0499,42.9404
6090,70.2528,82.5395,72.7871,41.6021
6120,71.4921,82.7409,76.3737,45.0435
6150,72.6384,78.8549,71.5594,42.9199
6180,72.3063,78.3186,71.7814,41.8412
6210,72.7421,76.0688,70.5689,45.0787
6240,69.2727,79.1745,72.0482,43.4611
6270,70.1771,75.2209,70.1536,41.1463
6300,73.4001,74.8989,72.5188,41.0188
6330,71.7208,79.8624,73.9887,41.3841
6360,70.547,78.8181,71.5213,42.5005
6390,71.994,77.9984,73.7026,39.6562
6420,72.2833,76.4979,75.0893,42.4742
6450,69.8109,80.8977,75.4991,42.8056
6480,72.784,82.0369,73.025,41.529
6510,71.697,84.2599,74.8271,42.623
6540,70.1447,79.6526,73.9714,42.9585
6570,72.9555,78.2668,75.501,42.5176
6600,73.3029,80.0415,75.395,44.9975
6630,69.0242,76.6637,75.1318,44.9096
6660,73.2216,79.7567,74.5404,42.5346
6690,72.4673,79.4954,72.2259,43.137
6720,71.6537,81.6494,73.1732,45.236
6750,72.4583,72.657,74.5906,43.2373
6780,71.6463,78.0987,75.9874,42.5714
6810,70.4608,80.0143,72.503,43.8272
6840,70.0067,78.0223,72.7142,43.7572
6870,70.1309,83.1791,73.172,45.1417
6900,56.135,64.1917,58.1472,41.5363
6930,57.6968,62.7948,59.7268,43.3526
6960,59.2823,55.8842,58.2108,41.3387
6990,58.3099,64.5708,60.6089,43.6167
7020,59.6443,65.475,59.6377,41.5769
7050,58.6297,59.8864,57.584,45.4188
7080,61.2593,60.3564,56.6122,42.9748
7110,61.7139,61.7911,55.3054,43.271
7140,62.0032,61.2746,57.1825,45.0831
7170,59.0212,59.5507,55.8816,43.4975
7200,61.9112,55.3259,55.0941,41.837
7230,64.2316,60.074,57.3617,41.5382
7260,64.4904,57.9215,54.9782,45.18
7290,62.1861,55.2128,55.5086,42.1972
7320,62.5735,59.4563,55.2474,43.1276
7350,64.7081,57.2428,58.5785,44.7231
7380,61.299,58.9251,57.7544,42.2663
7410,61.2727,55.4088,57.9512,44.5073
7440,60.7631,61.3674,58.5248,41.4898
7470,63.1502,59.1328,55.2475,43.5205
7500,59.3531,50.6377,50.6696,42.8535
7530,61.3389,88.7226,66.1399,57.5631
7560,61.6714,89.2581,79.2084,68.9416
7590,60.6091,84.8276,78.9486,68.8641
7620,63.2604,89.9701,80.6357,71.3996
7650,64.29,86.1514,81.1644,71.9018
7680,61.2535,87.9754,78.6787,71.2746
7710,60.9936,85.3752,80.0656,68.3408
7740,62.1995,90.0103,80.6989,70.604
7770,62.7798,85.0899,80.1991,71.4857
7800,64.395,88.1924,79.2338,67.7782
7830,63.5542,86.1651,79.6849,69.5271
7860,61.1353,89.7033,79.7273,68.1851
7890,60.9577,90.6483,78.8974,69.3221
7920,62.7107,85.1618,79.4012,70.7643
7950,61.9823,88.2905,82.1188,71.2255
7980,62.5063,86.8992,80.6195,68.0506
8010,62.9015,90.5274,82.545,69.9925
8040,62.7715,85.1802,80.8001,69.0549
8070,62.494,89.9753,81.6018,70.6918
8100,63.3786,84.436,81.8932,71.3748
8130,60.47,90.4811,79.5002,70.2585
8160,60.8236,87.3548,79.8223,69.8965
8190,60.8251,85.4487,79.9203,70.4041
8220,63.1287,90.066,81.4761,68.7694
8250,63.9578,88.8905,81.7797,69.4447
8280,64.2194,86.5055,81.5203,69.4293
8310,61.3541,87.403,78.9312,71.7576
8340,62.8065,90.537,81.907,70.3511
8370,64.2266,84.5653,79.4139,67.8227
8400,62.8579,87.909,80.7492,70.7438
8430,63.768,90.2806,79.9459,69.6064
8460,63.8015,84.5896,81.3981,70.4395
8490,63.8456,87.495,78.697,70.7348
8520,64.175,89.5324,78.9737,68.2854
8550,61.6419,85.7058,78.854,71.483
8580,61.2034,90.4321,80.624,68.1896
8610,60.415,89.2355,79.0624,70.3476
8640,61.7743,88.8609,79.89,68.2981
8670,63.0385,88.9013,80.9323,69.5516
8700,63.8412,89.0697,81.3712,70.3803
