Time,FC,PAS,PAM,PAD
-1,61,116,75,64
0,67.1,127.6,82.5,64
30,67.1987,128.579,80.7399,64
60,65.9691,130.657,83.5678,64
90,68.6223,130.303,82.6451,64
120,66.2987,128.164,80.9033,64
150,75.3403,125.926,89.7984,64
180,73.6801,126.161,91.7341,64
210,73.4797,125.794,83.7118,64
240,72.2874,126.961,80.7624,64
270,65.6049,125.374,81.0179,64
300,65.8625,130.143,81.4868,64
330,68.1846,129.441,81.9636,64
360,66.6907,127.484,82.7971,64
390,67.8332,130.018,81.6369,64
420,65.9407,124.85,84.1992,64
450,67.1228,126.038,80.6096,65.4223
480,66.3052,124.399,85.8588,64.4084
510,69.2751,125.522,85.6141,64.5105
540,65.7702,126.122,82.6991,64.0191
570,67.1404,126.418,81.0507,62.9069
600,67.898,124.949,80.9729,65.0957
630,65.039,125.16,82.4241,63.0871
660,69.1537,129.37,82.7211,64.7225
690,67.6325,127.432,80.9449,64.3397
720,68.2233,130.991,85.0047,63.4562
750,64.3981,124.953,82.2362,63.7176
780,66.467,126.704,81.4123,64.1202
810,66.6257,125.589,82.8651,63.0578
840,69.6771,129.384,83.2434,63.4274
870,66.0868,128.187,84.0665,64.982
900,67.2848,121.084,81.1186,64.1132
930,64.041,105.694,67.5835,50.5921
960,64.9818,102.022,63.8149,49.5344
990,64.7615,111.705,67.5032,50.2613
1020,63.5263,104.047,69.6215,52.3173
1050,63.7311,106.463,62.1107,49.2512
1080,61.6943,109.272,69.204,50.2383
1110,61.6379,102.115,63.3216,48.0487
1140,65.0554,108.498,63.1164,53.106
1170,57.3658,102.43,64.5186,52.3015
1200,61.4736,126.365,65.7044,49.8001
1230,59.7979,126.043,63.1719,49.1014
1260,61.2217,130.184,65.8176,49.6733
1290,64.4694,130.374,71.5455,51.3061
1320,62.6417,128.125,81.752,62.4629
1350,62.5147,126.331,84.3247,63.7468
1380,58.7652,131.563,77.2831,63.185
1410,58.5231,128.032,84.0656,63.9494
1440,62.0013,128.733,81.0849,64.2228
1470,58.1265,130.058,83.3573,63.0788
1500,61.2146,126.587,77.0926,61.0464
1530,59.1522,131.985,83.9365,61.4101
1560,61.8293,122.844,83.5016,63.0949
1590,57.9625,129.059,78.8445,65.6245
1620,57.6844,134.658,79.7215,62.32
1650,59.3704,128.412,82.2357,63.6559
1680,60.2258,123.571,89.2742,65.0127
1710,57.9912,128.125,79.7253,62.7245
1740,60.4434,127.566,80.3361,61.0404
1770,59.9426,127.36,85.5865,64.7007
1800,59.0171,109.305,74.8869,52.0955
1830,50.8681,91.6229,35.3997,43.1499
1860,51.9838,88.7812,31.909,43.6482
1890,49.8539,87.7747,29.4916,47.4961
1920,51.4993,89.2422,36.2063,43.684
1950,51.8998,87.0709,35.2763,44.6636
1980,52.7283,88.2514,34.3747,47.1122
2010,50.2187,90.7614,30.7938,43.2392
2040,55.4983,85.1429,48.8271,44.2088
2070,56.8439,86.6619,48.4186,45.5385
2100,56.172,86.595,51.2724,45.635
2130,53.7353,83.8098,49.085,45.8741
2160,55.8898,84.2732,51.4289,44.4278
2190,57.2536,85.6561,48.4943,45.8627
2220,55.7186,86.4127,48.657,43.0957
2250,53.5666,91.0969,49.8676,45.009
2280,52.784,87.2798,56.0657,42.8917
2310,52.5111,82.777,51.0639,46.1456
2340,55.7385,86.006,55.1337,44.9784
2370,54.4759,82.9496,49.7064,42.9457
2400,55.5329,83.5327,52.8233,44.0569
2430,54.792,72.0385,43.5845,34.6659
2460,51.1462,59.9724,33.312,31.3232
2490,50.8057,58.4326,34.5586,30.6311
2520,49.7027,65.7244,37.9599,29.5856
2550,53.3965,64.9325,43.1952,30.6634
2580,53.5383,62.7363,44.856,31.0123
2610,52.9242,63.5161,39.0683,32.3026
2640,54.2416,68.227,38.6926,30.8201
2670,50.2295,65.3799,36.2375,33.294
2700,51.3623,65.1387,44.9228,30.6765
2730,50.9635,66.7778,40.6843,29.8437
2760,51.934,65.4056,44.0134,33.4044
2790,50.1914,70.2754,43.2767,33.8066
2820,51.1803,67.2682,34.6891,29.9404
2850,50.1586,63.37,38.0557,30.2227
2880,51.1435,58.8749,38.7324,27.982
2910,50.8951,63.5704,40.917,32.8316
2940,50.9981,57.9478,36.2143,32.1935
2970,51.3799,63.5307,41.5981,30.6978
3000,51.3447,66.9505,39.4057,30.5717
3030,51.6157,66.1736,40.255,29.6708
3060,48.7842,67.6629,42.8115,33.1033
3090,51.8128,61.8368,37.4388,33.2343
3120,48.6677,61.8015,40.0927,31.9917
3150,48.0435,65.4611,42.8386,29.6186
3180,50.0051,70.5562,41.1891,35.8381
3210,49.835,67.0341,37.1194,28.2314
3240,51.5487,67.5831,36.1845,29.2317
3270,53.1066,66.9948,36.2735,32.3243
3300,50.5101,59.1195,43.1063,33.0209
3330,58.9743,68.822,53.5542,33.4322
3360,60.0957,78.2716,51.4976,31.2396
3390,51.0856,64.3324,48.7339,34.4378
3420,51.9329,63.1868,47.1816,31.6208
3450,50.5543,64.944,45.173,32.1562
3480,53.0547,65.4456,41.2636,34.5361
3510,50.9377,63.6776,46.9178,30.3989
3540,50.6467,60.9908,40.4086,31.6654
3570,49.1788,58.6578,37.7538,30.8999
3600,54.8122,59.5779,39.6793,27.979
3630,50.9789,64.1844,43.6815,26.6198
3660,48.8571,61.5209,44.8408,30.667
3690,52.2459,66.4714,40.0937,31.4838
3720,52.5101,63.2473,47.1414,30.7874
3750,51.3918,62.1389,47.8609,30.5836
3780,51.4244,65.1337,45.6813,34.9968
3810,50.921,64.0249,45.4144,31.4594
3840,53.3942,58.2966,46.03,29.7915
3870,53.1852,58.3922,43.5113,33.9387
3900,50.8474,58.9946,49.5698,35.2503
3930,55.8839,59.9629,46.7916,30.5309
3960,54.6254,62.8003,44.1367,32.3786
3990,55.066,61.3653,46.4976,31.4179
4020,56.4877,64.604,42.0947,33.3586
4050,57.9426,66.6976,40.6554,31.6158
4080,57.9938,64.6725,44.7554,35.8811
4110,56.6852,60.4197,47.0768,33.297
4140,59.118,62.9917,46.6486,31.7576
4170,59.5016,62.9886,42.5404,31.6526
4200,58.5817,62.0219,44.8647,31.7828
4230,59.3079,60.7123,46.7101,32.1567
4260,57.7336,65.5525,43.0144,34.1719
4290,59.9102,61.3687,46.8097,34.1858
4320,56.8583,63.2934,44.6102,32.0854
4350,61.8388,63.7204,46.8413,34.9937
4380,57.6267,58.9664,47.5396,28.9687
4410,56.395,59.675,41.1166,32.1458
4440,58.5007,61.3197,43.1994,31.8825
4470,59.2907,59.2501,45.7201,31.3357
4500,59.9538,61.7265,42.2099,32.1767
4530,62.0145,62.8753,45.3174,32.6847
4560,60.0483,57.0928,45.6514,30.356
4590,58.5288,59.3456,42.6976,30.0296
4620,56.4721,59.3124,47.1359,34.3505
4650,61.5591,63.6681,41.8535,31.5084
4680,58.3711,59.4789,46.4701,32.3962
4710,60.4548,66.4932,47.5262,32.2843
4740,55.6738,57.7885,48.7561,35.4104
4770,55.2391,61.7262,40.8221,32.0613
4800,57.7051,55.1339,45.6628,32.7419
4830,57.676,58.1288,42.7769,31.355
4860,59.3248,63.7872,44.7282,29.4029
4890,56.9498,63.945,45.3493,36.3795
4920,67.6474,79.7461,55.673,34.0696
4950,70.2283,79.6533,54.9614,32.6087
4980,70.4619,77.3007,55.519,32.2785
5010,71.5124,79.7824,52.328,32.5631
5040,70.5642,82.3146,53.3188,34.2223
5070,68.8498,76.1489,57.6092,32.1693
5100,69.3704,76.9804,53.3527,32.2797
5130,69.5393,79.4007,51.0329,34.8075
5160,72.1716,80.1398,53.6587,34.5044
5190,66.2274,77.853,51.719,32.2853
5220,67.8478,80.5429,53.4049,31.8333
5250,74.2059,83.2334,54.3355,31.1668
5280,75.1588,80.2626,53.7608,33.2821
5310,75.2486,85.9527,55.3731,33.209
5340,71.2212,86.1308,55.7083,32.9825
5370,75.1404,82.5228,54.8267,33.2572
5400,73.817,84.493,55.2676,32.7108
5430,72.0533,82.193,59.9854,33.8774
5460,76.5208,85.2198,59.7524,35.1517
5490,75.9794,84.6766,60.5109,30.9639
5520,79.1786,86.6459,55.6159,32.0923
5550,78.7725,84.7511,57.2237,34.4686
5580,77.487,89.2067,59.8206,35.0493
5610,80.685,87.5545,56.4143,34.5559
5640,80.6828,81.3553,57.076,34.449
5670,82.2449,83.8684,59.1601,35.5314
5700,83.5681,88.1012,63.7958,36.0221
5730,79.6139,85.6628,59.2359,33.3774
5760,81.3269,88.4544,57.201,29.6473
5790,82.0612,83.1801,55.9111,33.7993
5820,80.7471,87.2709,54.1397,31.2826
5850,80.3733,82.214,59.3534,31.8476
5880,78.5055,89.9008,58.3812,35.9659
5910,77.9157,88.461,58.7869,31.6128
5940,78.4572,86.3662,59.6611,37.1511
5970,75.8006,88.3173,59.2801,34.8833
6000,73.7792,86.7414,57.2254,32.1124
6030,74.7576,87.8719,60.0928,31.2562
6060,72.8578,82.2434,57.818,33.902
6090,73.4088,86.5937,61.2352,32.4942
6120,73.2388,87.3011,56.2524,33.1617
6150,75.1363,88.9678,59.0184,32.0866
6180,74.0752,81.6168,59.3072,32.9896
6210,72.2765,85.2447,56.6486,34.503
6240,72.4771,88.7291,54.1874,33.8959
6270,74.3148,80.6805,60.9552,33.5576
6300,74.5855,82.2494,60.5602,30.991
6330,74.8304,84.5083,52.5306,33.2429
6360,74.4074,84.1979,61.6962,34.5259
6390,71.2631,86.0709,58.1508,31.0701
6420,73.9681,88.1162,57.5063,35.2697
6450,70.7684,89.7327,61.9391,34.203
6480,71.7179,85.2947,55.5934,34.1391
6510,71.3157,80.078,58.6181,36.3796
6540,73.7149,82.8453,55.8719,35.9569
6570,71.9882,90.006,60.5127,37.6582
6600,73.0384,89.4886,56.5532,35.9833
6630,72.5276,86.2618,57.2658,32.4062
6660,73.7649,82.3411,57.1939,32.7185
6690,72.3236,86.8338,55.7919,37.4878
6720,71.0385,87.7045,56.8171,34.998
6750,74.0288,84.8415,62.2163,32.1368
6780,71.9557,85.2342,57.7239,34.9163
6810,72.3296,83.8157,60.3071,32.7474
6840,75.1268,88.0859,57.4305,33.7861
6870,74.6544,84.4853,58.8724,35.3251
6900,73.3585,84.7128,59.8643,34.731
6930,71.4941,80.4177,61.7069,35.6769
6960,72.3218,84.9232,56.2878,35.6307
6990,71.9342,85.3654,57.1262,34.1365
7020,74.9986,85.9227,59.6552,32.7239
7050,74.9146,86.8011,61.4202,30.3737
7080,72.8933,87.7834,62.6958,33.1722
7110,72.7579,85.2813,60.6884,33.3085
7140,72.7077,83.9939,52.6335,34.1576
7170,75.6555,88.6851,59.3302,35.9863
7200,74.4577,84.4572,54.6055,35.0214
7230,74.2316,84.1285,62.5045,34.6751
7260,74.4178,83.7958,59.2488,36.0994
7290,74.5088,87.9935,57.2899,33.7801
7320,73.5815,83.155,54.9635,32.9491
7350,74.6945,84.732,54.148,34.48
7380,73.8958,80.4682,60.4979,31.1885
7410,73.388,85.0672,56.0741,36.0238
7440,73.3194,83.4959,56.367,35.8984
7470,74.2004,84.0145,55.7174,33.3371
7500,69.6529,84.8838,58.6549,32.5487
7530,72.994,85.7525,61.5891,34.7258
7560,71.1256,86.7253,58.0952,33.4262
7590,74.4493,83.3984,59.2149,36.6898
7620,70.67,85.5327,56.6016,36.6339
7650,70.0797,86.2715,59.9459,33.445
7680,73.4373,81.2986,57.9129,35.0739
7710,69.9245,82.8736,59.5345,35.8396
7740,72.4813,83.7875,59.4613,35.8136
7770,71.9499,85.8617,60.7076,36.1398
7800,74.9454,85.5873,62.4002,35.2258
7830,73.1673,88.7407,60.3899,34.3618
7860,72.8751,85.0369,57.8855,35.4277
7890,70.9346,79.462,59.4591,31.781
7920,72.7225,89.5361,59.1807,34.0498
7950,72.5382,83.3606,55.5541,34.8556
7980,73.8532,84.135,56.7074,34.1401
8010,73.7031,85.9381,57.7055,35.5439
8040,70.4606,84.9894,60.6516,32.6264
8070,73.8824,87.6312,59.7185,33.2375
8100,71.3704,86.5042,61.5089,34.2095
8130,73.0778,88.6569,57.7325,33.3792
8160,71.893,82.2481,59.0958,34.5442
8190,72.9561,84.6835,58.1356,34.6709
8220,72.4455,83.2827,61.4682,34.7232
8250,69.8025,91.6758,57.2554,32.6704
8280,72.0002,85.5268,58.1759,36.1445
8310,72.0496,86.3689,53.3209,35.1436
8340,73.0828,87.9282,60.4673,36.8976
8370,74.4096,87.9849,60.7677,32.1828
8400,72.2946,80.8053,55.9414,37.9829
8430,74.2861,88.6611,56.1525,30.771
8460,72.1125,88.3674,57.9016,38.4213
8490,75.153,90.2931,58.6898,33.7757
8520,72.9716,84.6796,57.8984,32.8127
8550,70.528,81.4912,55.6293,36.6033
8580,70.6444,85.9501,60.2518,32.2273
8610,72.0006,89.1249,56.831,30.3693
8640,70.6887,87.3651,60.0218,30.8544
8670,73.0582,85.1556,56.8145,30.3198
8700,71.776,86.6013,55.3449,32.6117
8730,71.9302,81.8594,56.0548,32.008
8760,72.63,85.4246,58.7323,32.9139
8790,74.9864,88.5058,57.3185,32.5412
8820,74.3898,85.5717,59.571,34.893
8850,75.8538,89.8313,54.0452,31.8823
8880,77.861,84.3314,60.5639,31.6933
8910,76.8366,85.0671,58.6277,35.2481
8940,77.9103,87.2591,53.6294,32.0507
8970,77.2145,83.8435,57.2604,30.0303
9000,80.0513,86.1999,53.227,32.8727
9030,79.6622,89.3283,58.4053,31.615
9060,81.4024,83.031,54.7836,32.4301
9090,81.909,87.5634,59.6001,32.5839
9120,78.267,84.2645,60.086,33.9442
9150,80.3811,88.7861,58.2716,33.2357
9180,83.1984,87.0346,55.2412,32.6808
9210,79.6496,83.0163,58.8032,33.6569
9240,80.9313,84.8,57.4521,32.2459
9270,79.4506,87.1067,58.1967,31.2853
9300,79.7978,86.543,60.2696,32.5802
9330,81.0149,84.6317,57.8167,35.0678
9360,80.2567,87.0425,54.1771,32.4678
9390,80.7776,87.7507,56.7614,34.8617
9420,81.9132,86.7397,53.4264,32.7756
9450,79.0279,87.2542,54.8086,33.3187
9480,81.4186,90.1109,58.3156,32.6264
9510,79.2693,85.9575,57.1491,34.3387
9540,81.2756,89.9458,59.832,32.9146
9570,78.0331,87.2094,57.6026,34.3168
9600,82.6282,87.9078,56.552,33.8258
9630,82.0792,88.4653,56.0907,32.8543
9660,82.0669,85.2787,54.4038,33.7335
9690,80.4416,85.9308,56.0505,34.7095
9720,79.039,88.8707,57.9071,33.4082
9750,77.025,88.0592,54.7391,29.6707
9780,77.1385,87.5456,55.0102,31.0732
9810,80.3532,86.0727,55.7952,30.5715
9840,78.4221,86.8817,55.2348,30.7644
9870,80.0444,85.2781,57.3118,34.4286
9900,78.7606,85.9731,58.4737,32.2281
9930,79.3634,87.7243,58.5137,32.5273
9960,81.6632,84.3449,58.5735,32.0642
9990,82.6177,90.5745,58.6128,32.4984
10020,80.8214,87.387,57.9634,32.0746
10050,79.5533,84.2719,60.047,32.4699
10080,82.1358,87.15,54.1434,33.0815
10110,82.0136,85.9606,53.6886,31.9013
10140,79.0502,86.6606,56.7563,32.1529
10170,79.8821,86.2849,56.2683,31.2576
10200,78.0269,88.0009,55.0084,35.5308
10230,78.0769,86.4601,55.0626,33.4238
10260,79.091,82.694,57.4399,33.9621
10290,78.2034,84.4844,58.148,31.6804
10320,79.5869,88.9616,58.9906,34.3243
10350,80.9912,84.5915,58.1776,29.8853
10380,80.6645,84.6937,58.8087,33.3531
10410,81.694,87.3093,56.5883,33.5317
10440,79.661,87.6304,57.8095,32.8691
10470,77.6226,87.8256,59.4483,34.0817
10500,82.8168,86.0215,57.4661,32.3658
10530,79.9546,87.5627,56.4686,31.3897
10560,81.1919,86.7655,59.7382,32.1117
10590,79.4738,88.5383,58.5654,32.1508
10620,65.0387,72.9414,47.3865,32.374
10650,67.5359,68.2447,45.7553,31.6946
10680,63.4744,63.0538,46.2513,33.0926
10710,65.1517,64.2912,44.4529,32.0527
10740,64.709,64.5093,45.136,33.2376
10770,65.2721,63.4528,47.3455,31.9042
10800,65.8678,62.9069,46.3684,32.9945
10830,64.5149,64.1062,43.1231,30.9596
10860,63.8709,63.5095,45.6611,32.5529
10890,62.945,65.5692,44.3042,31.77
10920,64.5367,66.8163,46.3659,33.5372
10950,64.7825,65.5352,45.2039,31.7218
10980,58.3708,56.8822,39.5616,32.2483
11010,59.5893,78.9079,54.5668,41.869
11040,64.5501,94.4014,67.0319,50.8329
11070,63.8049,97.0315,64.507,52.7002
11100,62.1444,96.2136,64.4632,52.3636
11130,64.5012,93.8703,65.8261,53.1862
11160,62.3949,98.3325,66.3796,53.1239
11190,62.5855,97.5668,66.6294,52.5585
11220,61.4695,93.9397,64.5207,51.6416
11250,64.443,98.2616,67.958,53.2113
11280,61.3728,96.4049,64.3197,53.0165
11310,61.941,95.1942,66.948,52.0608
11340,64.0433,97.7526,64.9172,52.8188
11370,64.2014,97.0914,67.4011,51.1141
11400,63.4012,95.2079,64.6243,50.5807
11430,61.4548,97.5967,67.8377,51.0448
11460,64.1378,93.8,67.1263,52.8506
11490,64.5237,96.4983,67.4904,50.5018
11520,61.5493,98.1473,68.4335,51.54
11550,61.8712,96.7925,68.5631,50.5176
11580,62.7555,94.9106,68.1477,51.4296
11610,64.4799,96.9581,66.9019,52.2383
11640,61.0076,97.8664,67.3346,50.6407
11670,63.4299,96.5854,65.5533,51.9642
11700,63.2922,94.1179,65.5306,52.1813
11730,63.4618,94.4558,67.121,52.8707
11760,61.3288,96.9637,64.8958,51.2861
11790,62.1759,94.8894,65.7392,52.801
11820,62.8621,95.313,64.6128,51.7667
11850,61.0848,97.855,64.2581,50.3169
11880,63.6197,97.9322,64.4095,51.5108
11910,62.7353,96.3188,68.3653,50.6165
11940,63.3299,95.322,67.3012,51.2851
11970,62.8458,95.8429,64.4953,52.1389
12000,61.4783,95.7528,68.2869,51.6836
12030,63.4809,95.4508,65.0118,50.8926
12060,63.5702,95.984,67.0835,52.5592
12090,62.2367,97.6836,67.4243,50.4667
12120,63.2876,101.386,68.2343,50.8352
