Time,FC,PAS,PAM,PAD
-1,83,115,77,86
0,91.3,126.5,84.7,86
30,90.8069,127.61,84.5143,86
60,89.8139,126.515,82.7649,86
90,93.2679,124.97,86.7202,86
120,92.2721,127.864,86.4569,86
150,100.367,123.437,95.0335,86
180,102.636,128.021,92.3805,86
210,101.625,124.74,94.1065,86
240,99.354,127.091,91.6076,86
270,90.2499,126.783,82.7215,86
300,89.2372,123.811,84.4453,86
330,90.5331,125.981,85.807,86
360,89.6319,127.621,83.7466,86
390,92.1763,124.441,84.6885,86
420,93.1898,128.197,85.5693,86
450,93.0195,123.799,86.3881,87.318
480,92.2757,130.225,84.8623,84.6773
510,92.6927,128.45,84.9152,85.7772
540,90.8867,126.038,87.2062,86.7635
570,91.481,125.91,87.2521,86.974
600,91.2787,124.887,83.205,87.0675
630,89.6353,126.842,85.9272,87.3801
660,88.2486,127.184,84.2435,86.3057
690,88.8643,126.934,86.4377,85.32
720,90.4696,123.663,86.4622,84.6372
750,92.0963,106.26,71.5874,67.6294
780,89.0696,101.977,64.3726,71.8739
810,87.6686,102.289,66.2687,71.9468
840,88.5026,104.635,72.3333,67.666
870,89.5772,94.2901,65.7392,71.2767
900,85.9647,99.9454,71.7988,69.2713
930,83.6776,100.286,62.1886,68.5218
960,84.8043,101.43,69.412,70.0573
990,82.6539,103.459,66.8533,71.0365
1020,82.9099,125.84,66.6214,70.057
1050,83.3731,129.807,66.7436,68.1929
1080,82.9472,125.497,63.9085,83.9688
1110,81.4586,124.108,72.5653,83.9453
1140,83.139,124.281,88.0583,84.3289
1170,80.7345,127.496,89.1292,86.4741
1200,73.695,94.5133,73.2907,73.3682
1230,66.1638,87.631,38.9667,59.3396
1260,65.8874,91.057,36.8965,60.5005
1290,71.302,82.194,40.8466,57.799
1320,67.5921,87.357,38.1988,58.8205
1350,68.496,96.1347,38.454,59.4114
1380,71.2167,92.5721,33.4456,57.9362
1410,68.4853,89.7965,41.1339,60.229
1440,75.6771,86.2287,55.8089,62.8119
1470,72.4581,84.6573,60.2113,60.9952
1500,74.9044,83.4288,59.1154,58.1619
1530,75.8334,80.2835,50.9642,58.7519
1560,73.7024,88.1237,55.4763,58.3999
1590,73.3844,86.3308,57.4089,61.593
1620,71.4173,88.054,56.3566,59.1561
1650,69.7447,87.6068,60.9954,60.4933
1680,73.3494,87.0209,54.2777,60.3288
1710,70.773,78.7667,58.5546,63.745
1740,73.447,81.4309,59.7554,60.3466
1770,73.9293,81.1024,59.6462,59.9654
1800,72.1784,78.8172,57.5857,60.1413
1830,71.4462,86.4979,58.7331,59.7568
1860,71.1938,85.7354,53.5987,60.9109
1890,69.7752,60.904,50.4505,49.6174
1920,66.5722,63.4868,45.474,40.0277
1950,66.0951,61.3931,39.9178,37.8798
1980,69.7142,64.1157,41.0122,39.3815
2010,73.1729,65.0518,44.5798,40.8896
2040,86.662,84.877,51.025,43.4154
2070,85.3393,80.5093,52.011,41.7204
2100,75.8776,66.3809,52.3257,40.9583
2130,71.413,63.9405,50.3007,40.0287
2160,73.206,65.308,51.2597,45.8863
2190,69.9933,64.7366,50.3137,44.9835
2220,71.8773,56.937,48.3554,39.9056
2250,66.2658,60.9312,54.5883,44.0512
2280,70.3572,63.3995,49.4178,42.5322
2310,72.3881,65.7941,52.4557,43.8448
2340,69.2613,62.1586,53.4158,42.1574
2370,71.3297,63.8651,52.4021,43.8563
2400,71.7465,59.8248,54.3832,41.2574
2430,68.2789,65.5749,48.888,38.8897
2460,69.699,69.6747,46.9137,41.4863
2490,69.3943,55.8822,53.6051,40.0829
2520,67.4151,60.6872,56.2849,42.3816
2550,70.3184,62.9625,52.277,37.0942
2580,69.4161,63.5162,51.2548,45.4698
2610,79.6689,77.681,61.9039,43.3032
2640,81.048,78.077,56.716,39.0017
2670,80.1594,72.4498,58.4818,39.8778
2700,81.7979,76.0091,60.2845,43.8695
2730,77.2671,76.3093,59.806,41.3996
2760,84.3633,77.5491,58.7491,40.9495
2790,83.4359,76.9176,54.2627,42.6198
2820,80.6846,72.729,61.7483,40.8878
2850,78.9857,68.8209,56.303,42.5058
2880,78.7082,79.4634,54.3221,38.956
2910,82.4664,72.6889,59.9499,39.2847
2940,87.9008,79.2319,56.8373,41.8635
2970,85.7869,80.8642,59.2568,40.2775
3000,85.7925,82.0706,64.5577,42.585
3030,85.4519,80.5166,58.7139,42.3192
3060,83.6986,77.1193,54.585,40.6408
3090,82.6299,80.8047,58.2288,43.0366
3120,85.5564,86.1899,63.8151,37.9474
3150,82.7203,83.4795,59.7242,42.3326
3180,83.7399,90.1167,63.7845,42.8871
3210,87.7299,92.0724,57.6785,40.3735
3240,84.3155,81.2559,63.036,38.6816
3270,87.7118,89.2568,58.7751,42.7622
3300,88.9585,86.9932,60.0627,41.096
3330,86.7354,83.9761,57.9079,40.4051
3360,86.5766,90.0023,60.3181,43.5732
3390,84.2947,90.0099,54.7765,43.4771
3420,87.2002,84.6738,61.5478,40.7059
3450,88.6475,90.2978,55.5877,41.6332
3480,89.2074,84.0826,57.3318,43.3084
3510,87.5359,81.3007,58.02,41.8879
3540,85.276,88.0974,59.9782,42.5207
3570,82.9207,84.5934,57.4836,43.9444
3600,85.6568,83.766,57.6198,38.2867
3630,83.7051,76.69,60.7743,42.3857
3660,79.8654,88.2324,53.444,41.4339
3690,78.4047,80.8975,58.6653,43.9641
3720,77.9285,86.8127,59.3831,42.3716
3750,79.6721,90.1931,61.1542,42.2328
3780,78.123,82.6157,59.3683,45.6002
3810,84.688,83.306,56.3937,41.2218
3840,81.1831,81.3643,59.1396,41.4807
3870,81.5404,85.5251,61.6831,44.169
3900,81.5398,87.9494,58.5054,42.9756
3930,84.106,87.6844,64.1555,44.8022
3960,81.8916,88.4221,55.0236,46.1159
3990,84.2771,78.6772,64.7686,40.6706
4020,89.4129,83.7201,59.2014,42.8334
4050,88.0947,85.7423,60.5342,42.83
4080,86.0702,82.0947,63.3453,43.8013
4110,87.5191,86.5158,57.2965,44.4883
4140,84.9722,90.743,61.7692,44.733
4170,88.4206,92.0682,61.0867,44.8911
4200,86.3088,88.4561,61.7176,40.0406
4230,86.3904,82.5238,62.4702,45.9825
4260,85.5205,82.1031,61.8229,40.9268
4290,87.3077,88.144,59.3627,44.2559
4320,86.1281,83.6063,62.5139,44.9477
4350,88.0037,83.834,59.3841,41.5639
4380,87.9053,81.1004,67.0667,45.0697
4410,85.915,87.0967,63.1092,45.9606
4440,88.3666,82.6386,60.1688,43.1227
4470,87.1048,84.8655,61.8149,43.5636
4500,89.3206,82.8337,64.2716,44.1352
4530,92.0887,80.0363,62.826,47.1092
4560,86.9569,82.0556,65.1927,42.0857
4590,87.7614,82.8738,57.0692,44.8741
4620,86.3288,80.0718,66.7714,44.5297
4650,88.16,81.7494,59.9694,45.1971
4680,85.7632,85.3066,64.1124,43.9113
4710,89.0438,85.6344,65.412,43.1275
4740,84.4507,85.1914,59.7039,44.16
4770,88.0214,81.8948,57.5046,45.8881
4800,88.5781,83.344,61.2113,45.2181
4830,87.7667,84.6883,58.7288,40.0481
4860,91.19,79.7123,58.4852,43.7835
4890,87.4061,83.8777,58.4344,41.87
4920,86.1324,81.1219,61.5039,43.6183
4950,90.3501,81.7893,58.8492,44.844
4980,89.3552,77.3749,60.8251,42.743
5010,91.7513,80.8113,63.8965,42.4686
5040,91.8721,78.46,64.9207,43.3558
5070,92.8402,76.3988,59.2786,42.6664
5100,93.8617,85.0947,59.3695,44.6979
5130,91.0832,77.0137,58.5725,41.5734
5160,93.7208,80.5315,66.1171,44.9326
5190,93.0834,85.1316,59.3825,39.9352
5220,94.9385,79.9582,65.1931,43.8226
5250,92.4945,80.7995,58.9034,45.4482
5280,94.6609,82.6843,63.4523,41.3319
5310,96.7814,84.9519,60.0463,43.8177
5340,98.5366,76.2423,66.299,41.6807
5370,97.92,78.5769,56.7104,45.3154
5400,93.235,86.6171,62.7456,40.7205
5430,96.8392,80.4146,58.1621,40.5448
5460,94.5731,86.5309,57.6649,43.9732
5490,96.4236,80.8359,59.3739,44.8099
5520,94.3324,85.003,62.3834,44.6834
5550,91.9222,77.5763,61.2757,41.2996
5580,95.6993,85.6268,59.2239,45.0186
5610,97.1672,79.5014,59.4127,41.2836
5640,94.384,80.0732,62.3346,40.5127
5670,93.9661,80.4407,59.0715,42.3722
5700,97.3598,81.5714,59.1953,43.9778
5730,94.1702,79.5979,57.7575,43.2071
5760,97.2251,83.198,61.8805,41.9324
5790,92.7759,79.9739,61.2636,44.4506
5820,94.0914,84.4353,65.8385,41.3265
5850,96.0534,82.3821,57.5049,42.9081
5880,97.0464,82.066,60.1499,44.8288
5910,96.8385,84.4027,57.7934,41.8982
5940,94.1881,79.3564,60.9726,39.7955
5970,97.4645,81.348,61.7515,40.417
6000,98.0544,82.6336,63.4906,38.2197
6030,97.5101,79.428,57.7814,40.3594
6060,95.9675,86.0958,61.6589,41.2946
6090,94.1749,79.5634,58.332,38.7411
6120,94.7931,82.0295,61.8823,43.3914
6150,94.99,82.3387,59.6359,42.7267
6180,95.558,85.3933,60.5845,40.8956
6210,97.1408,79.4539,62.3805,39.1296
6240,98.0103,81.7667,61.9969,40.265
6270,97.2244,87.0007,56.9995,41.9463
6300,97.7701,82.8806,62.7196,42.3365
6330,98.1864,81.6514,58.4797,40.4547
6360,95.3121,83.9204,56.73,41.0364
6390,97.1928,86.5602,59.8047,42.0139
6420,96.5637,84.0487,56.442,42.1564
6450,78.6769,65.9726,49.5626,40.3045
6480,77.3005,67.1417,45.2749,40.2898
6510,76.7286,65.7696,47.7475,40.9396
6540,77.5736,64.5595,47.9758,38.7061
6570,80.9193,69.9902,49.3042,40.4148
6600,82.2157,70.2267,48.8329,43.4903
6630,82.0999,65.8602,41.4254,39.8446
6660,82.5724,65.8497,44.6829,40.1419
6690,86.1414,64.1204,43.9762,42.4088
6720,83.6717,65.2941,45.2546,43.942
6750,87.7721,64.7616,45.0489,44.067
6780,84.3219,62.5763,44.23,40.9193
6810,85.1866,64.9163,44.6041,42.2276
6840,86.2976,66.8763,44.2589,42.9493
6870,85.7207,64.0098,42.7025,42.7115
6900,88.5176,63.1063,45.3723,42.415
6930,88.5879,66.1981,43.8399,42.401
6960,88.1337,64.2866,42.5353,43.1664
6990,85.0631,62.6954,43.3802,40.9516
7020,86.8566,62.7305,41.0943,42.4871
7050,80.7957,58.6555,39.1105,41.1404
7080,87.208,95.1261,51.6725,56.8826
7110,88.3813,91.9236,63.6735,69.4372
7140,85.4485,93.6868,62.7524,67.1471
7170,84.4252,96.6501,64.417,69.558
7200,85.1765,97.1378,63.879,67.7025
7230,84.3884,97.5536,63.2623,68.5068
7260,84.7104,93.621,66.2846,70.1217
7290,84.5424,96.4052,66.6309,69.6271
7320,85.2609,95.7805,64.9308,67.5478
7350,87.0182,97.9106,66.3477,70.2002
7380,85.3081,92.2949,62.1749,68.0135
7410,87.9045,95.184,62.4646,67.0988
7440,85.8255,94.8477,63.5271,68.3979
7470,85.8823,95.4517,66.244,68.701
7500,87.9957,96.94,64.0806,70.2573
7530,86.5565,94.4781,65.4521,69.6807
7560,84.3518,94.033,66.6623,69.3228
7590,85.5554,97.5921,64.9852,68.9176
7620,88.5774,95.9539,66.278,69.8195
7650,84.9799,98.0979,66.2616,68.8711
7680,86.2711,93.2279,62.0739,69.9495
7710,87.7149,97.5226,63.8582,69.2025
7740,87.3547,97.009,64.9037,67.763
7770,85.2293,93.9962,62.2995,67.8917
7800,87.2503,92.1075,66.6441,66.8785
7830,88.4435,95.7216,64.812,70.2507
7860,85.3639,94.991,65.692,68.5018
7890,86.3735,96.161,62.208,70.3425
7920,88.2216,92.0545,65.9785,69.3832
7950,88.356,93.2929,63.7746,69.2025
7980,84.3827,98.0108,66.3225,67.9164
8010,85.6006,97.9346,64.8275,66.9148
8040,84.1972,95.508,62.2251,70.3394
8070,85.0454,95.7874,66.3636,68.5542
8100,84.7231,96.2992,66.4394,69.1041
8130,85.9244,97.969,64.8865,67.9507
8160,84.1839,94.686,62.1577,70.2587
8190,86.9472,97.486,67.0118,69.5045
