Time,FC,PAS,PAM,PAD
-1,69,132,73,64
0,75.9,145.2,80.3,64
30,74.6169,147.513,81.4112,64
60,77.2568,147.278,81.3987,64
90,77.1501,142.108,81.1677,64
120,74.9689,141.838,81.5762,64
150,82.8494,145.822,86.923,64
180,83.7106,148.44,86.5317,64
210,76.9092,145.389,86.6337,64
240,75.5249,144.487,86.6974,64
270,74.8426,147.649,78.7349,64
300,76.3728,147.979,80.2564,64
330,77.6302,143.067,81.8597,64
360,74.9215,146.705,81.2518,64
390,75.1185,147.769,81.3266,64
420,77.0429,147.197,81.6893,64
450,76.8679,148.545,81.2039,63.0258
480,76.7078,144.914,78.2289,62.2689
510,75.6004,144.612,80.1543,63.3736
540,72.9838,142.983,81.9312,65.3232
570,75.9089,147.484,77.5674,64.6727
600,78.2635,145.358,79.9382,64.65
630,77.9164,148.384,78.9404,63.4062
660,75.0073,145.762,80.241,63.504
690,77.7565,141.16,79.6811,62.6873
720,76.3029,146.241,78.8703,63.3148
750,74.7124,112.529,62.6944,51.8366
780,74.2085,116.332,64.1509,50.6621
810,71.2589,115.91,64.1959,46.2621
840,72.0558,121.509,63.2977,52.607
870,72.5594,114.77,64.1466,51.5612
900,70.3475,119.799,69.5221,54.2662
930,67.7927,106.393,64.8685,50.5234
960,71.2785,118.459,61.9305,50.9302
990,68.1852,119.789,65.5457,51.2141
1020,69.506,113.019,78.7666,48.9605
1050,68.3191,117.82,84.4696,50.305
1080,69.9909,152.022,75.8397,50.7327
1110,69.1359,152.126,82.0826,54.9069
1140,61.954,122.125,64.8374,49.3283
1170,55.9797,98.2553,35.5379,45.131
1200,57.1653,95.7511,31.3732,45.275
1230,60.3713,93.8448,34.8353,46.0486
1260,57.4983,96.3783,31.4226,47.6182
1290,57.3886,107.202,36.2297,44.319
1320,60.2123,100.6,35.3004,43.9177
1350,60.8814,93.6472,34.6982,45.4358
1380,63.6861,92.3604,47.9427,44.8069
1410,64.5348,98.5301,55.393,48.1438
1440,65.3131,97.0622,51.1281,50.2153
1470,60.5352,92.5595,49.661,47.3353
1500,61.2321,91.9868,52.7515,49.9821
1530,63.8936,91.6933,50.8237,50.0295
1560,63.0443,94.2104,47.901,48.0567
1590,61.5421,91.6864,47.9512,49.2136
1620,63.0681,92.6388,50.9309,47.8979
1650,63.9175,101.834,57.2294,46.5493
1680,62.2779,96.2737,50.8229,46.2851
1710,61.9725,94.5486,53.4962,44.3283
1740,61.539,92.5713,47.9747,46.0149
1770,60.5112,92.614,49.3411,46.9011
1800,61.9232,99.7286,48.5077,46.4945
1830,56.3181,81.5308,40.5762,31.3761
1860,56.1216,68.4903,29.9927,36.1665
1890,55.7017,71.1275,37.5469,37.4609
1920,60.2888,68.5672,38.0432,34.609
1950,61.8435,73.3574,38.7541,34.284
1980,72.177,88.605,45.0291,31.6412
2010,72.8364,77.1378,45.8945,39.1585
2040,73.3161,90.4128,45.4752,35.4043
2070,74.6643,91.2805,49.0144,33.5997
2100,68.6203,78.5878,48.8677,30.5929
2130,71.8233,90.869,46.7565,33.0595
2160,72.3849,87.7643,51.2475,27.6626
2190,71.1206,90.045,48.5761,38.7227
2220,67.682,86.1768,42.4292,34.5324
2250,70.9798,90.5972,44.3011,30.3006
2280,70.8351,83.2855,42.921,32.7369
2310,70.1728,85.0487,45.2373,33.4103
2340,70.73,76.8939,46.1117,29.766
2370,72.864,85.5494,51.4414,33.3845
2400,67.5047,93.4789,45.6597,33.2894
2430,70.864,85.4319,50.3377,33.0761
2460,69.8755,91.215,54.0217,35.1165
2490,58.7207,81.5494,38.7299,37.728
2520,61.3048,77.5159,41.866,35.4445
2550,57.2213,87.0209,35.6947,28.3665
2580,58.1093,83.6569,39.8075,32.3993
2610,59.2529,79.3702,45.4249,34.6004
2640,59.0182,77.6462,39.9234,35.8908
2670,58.8592,82.4131,41.1885,31.7089
2700,60.5546,84.7322,33.1053,31.2384
2730,58.7996,81.2508,33.4803,36.1558
2760,60.7018,85.9619,43.9759,37.4627
2790,59.793,75.1827,40.2672,32.638
2820,57.9691,76.5299,43.1596,31.996
2850,69.0361,86.9877,49.8843,33.4433
2880,71.4411,88.3818,53.2575,32.5435
2910,70.6103,80.219,55.0642,35.1807
2940,72.5591,94.8422,49.0073,32.4344
2970,70.0511,93.1406,51.746,34.9598
3000,67.6911,87.9714,50.5482,31.6692
3030,66.7653,85.695,48.7869,34.1289
3060,67.6989,81.9906,53.0677,31.4113
3090,66.3598,89.3452,48.3254,35.014
3120,70.0691,87.1044,45.0044,34.8728
3150,70.0063,87.0592,49.9608,30.1369
3180,70.4037,90.4577,48.9627,37.0324
3210,77.3538,88.2012,52.1959,31.6543
3240,72.502,86.8952,47.1415,36.2338
3270,73.4,91.9358,48.2335,33.4298
3300,69.583,94.8922,49.5115,34.8264
3330,75.5976,90.8737,44.7672,37.8711
3360,70.6654,94.6108,53.6249,29.2971
3390,74.0545,86.3352,54.5463,33.9728
3420,77.1443,92.8497,51.1611,30.4279
3450,77.8263,92.8496,45.0428,33.4973
3480,77.9752,87.4139,51.6367,34.0302
3510,77.0644,86.1186,52.7086,34.2075
3540,79.6547,96.9695,51.6023,33.0911
3570,78.5721,94.2814,56.0728,35.4547
3600,81.1691,85.9945,49.9581,28.7274
3630,84.7638,87.7923,52.0366,30.7583
3660,82.2235,84.4598,45.3826,30.1519
3690,83.5975,97.1228,52.1474,31.4096
3720,83.6451,90.9556,51.8685,32.6041
3750,80.5069,90.2864,54.5241,34.3665
3780,83.69,84.4491,57.0143,29.4469
3810,79.2683,88.1117,54.5942,32.8115
3840,77.7472,82.8348,50.5027,30.6713
3870,81.3716,84.623,52.8397,36.025
3900,78.3555,86.9329,50.6534,31.1574
3930,81.909,90.9979,51.4258,30.2658
3960,74.2533,78.7534,49.0222,31.6277
3990,74.8568,81.8627,53.5089,32.6802
4020,76.9863,89.3819,53.9706,32.4666
4050,73.9781,85.5478,51.5223,32.5321
4080,77.7245,87.6277,59.0924,34.3486
4110,71.3804,92.1028,56.6325,31.6228
4140,77.3755,89.594,53.481,29.3687
4170,75.7379,91.4895,45.4217,32.0485
4200,76.5512,87.0876,51.3835,33.2299
4230,74.9628,91.3677,51.7819,32.8242
4260,74.208,88.2551,50.2988,30.8564
4290,72.3983,91.9678,52.3038,30.0548
4320,74.1057,93.703,50.7734,27.2877
4350,74.7891,91.4589,49.4579,31.5455
4380,75.6482,88.3805,50.1972,31.8799
4410,73.1943,83.4586,52.6451,31.027
4440,75.7407,94.6184,52.0323,33.8073
4470,74.3309,88.991,51.048,32.3337
4500,75.3838,90.7451,49.4363,27.8819
4530,74.0357,86.3559,50.8554,32.928
4560,75.4109,88.3827,56.4324,28.1406
4590,80.0384,90.8457,56.4896,33.5242
4620,76.4796,86.6747,47.4516,28.6909
4650,80.7992,89.6811,49.8023,36.0143
4680,78.6781,86.8944,48.5181,30.9119
4710,75.872,88.768,53.4838,31.1524
4740,82.4442,93.436,50.1293,29.9601
4770,80.6133,85.2708,47.2312,30.9962
4800,76.8776,83.4692,55.5995,26.5695
4830,81.4709,94.9931,52.0353,26.5577
4860,81.448,93.9056,50.7937,28.4788
4890,81.422,85.7459,53.9719,27.8938
4920,82.8707,90.8487,52.0537,27.0807
4950,78.0794,86.0497,50.3955,28.3375
4980,83.0703,94.2276,51.4476,31.3664
5010,82.1875,87.3639,57.559,30.6697
5040,80.4248,88.9417,56.8591,27.5215
5070,85.4531,84.7273,55.6759,28.2954
5100,85.1068,92.3696,52.4206,31.5093
5130,81.2536,86.1407,55.5127,28.4456
5160,82.0212,92.1553,54.0858,30.5772
5190,82.1268,88.1473,53.2069,30.2474
5220,80.1941,87.3248,47.0481,26.216
5250,85.735,88.7177,50.6655,31.1166
5280,78.1936,86.2919,51.8133,26.5571
5310,83.258,92.4753,53.295,30.1966
5340,81.1982,90.0823,47.5502,27.0837
5370,79.5124,87.4319,52.9607,27.7543
5400,80.1698,83.0672,56.1624,30.964
5430,80.5189,90.1423,52.0039,31.6982
5460,85.1122,89.5838,49.7427,32.2699
5490,84.1505,94.4482,51.0472,27.9688
5520,82.0533,89.0387,55.3488,29.7654
5550,80.6594,87.3662,55.8936,29.0786
5580,80.4514,94.7572,50.437,29.7786
5610,81.5391,95.2445,54.811,33.0628
5640,83.8686,94.5226,52.9784,32.3006
5670,84.2705,92.9092,51.7767,30.8275
5700,79.3714,92.9657,55.7177,30.7782
5730,79.3763,88.4195,55.6285,28.3893
5760,81.4398,89.9139,51.9427,29.9698
5790,82.1522,97.8941,53.904,36.0212
5820,81.9299,96.9254,56.2608,26.1828
5850,81.6803,88.4463,54.6649,28.1499
5880,81.2865,94.1742,53.9097,27.3988
5910,78.0431,92.6679,49.2406,29.443
5940,80.6839,92.2157,56.0588,29.489
5970,79.2653,95.1789,54.641,26.429
6000,81.5942,88.8899,53.2091,27.5811
6030,79.9503,90.8057,53.504,27.3439
6060,80.413,93.7448,50.1533,31.1222
6090,78.1185,93.2285,51.211,24.9339
6120,81.3618,91.6592,56.3775,26.9178
6150,78.4966,90.0234,55.769,26.8851
6180,78.8454,96.3208,54.4795,25.6257
6210,79.7865,86.9448,54.1875,26.1469
6240,81.1097,91.2003,52.0774,26.7854
6270,77.9482,95.4657,49.8903,31.093
6300,81.7274,88.9457,52.6629,24.8703
6330,78.0429,90.2491,53.0694,25.5566
6360,78.5419,92.2131,54.2527,26.5828
6390,81.5447,94.9208,51.9392,29.5604
6420,80.924,93.2971,51.1993,29.5394
6450,64.9573,71.2188,41.4581,29.8257
6480,68.9349,79.5373,45.718,27.2004
6510,69.2493,71.3791,41.6764,28.3626
6540,69.5288,71.376,38.9596,28.5807
6570,66.5733,78.4331,40.5562,25.6473
6600,68.9042,75.8585,37.2984,27.6437
6630,68.1385,74.6558,36.3461,29.1296
6660,68.9731,75.829,38.7128,25.7916
6690,73.2249,79.0526,41.6888,28.799
6720,69.7048,79.7711,40.4341,29.4812
6750,70.6344,74.3261,38.3479,26.2969
6780,69.9301,77.7227,40.2983,28.9902
6810,72.7615,79.0096,39.4996,29.235
6840,73.4558,77.2847,37.6121,29.0941
6870,72.1412,76.201,42.2546,26.8837
6900,71.3052,79.4796,38.3045,27.4154
6930,63.3067,65.6315,35.2766,25.9085
6960,71.0164,88.9302,44.9398,45.8367
6990,69.2416,113.297,57.5928,43.4985
7020,72.4648,116.271,58.0377,45.0673
7050,70.851,115.812,60.3102,44.2001
7080,69.4273,116.312,59.047,45.7591
7110,69.0467,113.962,58.2307,44.6116
7140,69.652,114.511,57.4592,43.9167
7170,70.5629,116.476,59.89,42.3631
7200,72.1564,116.192,57.0842,42.1922
7230,68.5895,112.992,59.1298,41.868
7260,68.442,116.225,60.6895,44.3484
7290,70.2501,114.463,57.5212,44.711
7320,69.4274,115.447,59.9288,43.576
7350,68.5369,117.513,57.069,43.3071
7380,70.2417,112.799,61.0509,45.7741
7410,68.4498,114.387,57.0057,45.5871
7440,69.2999,112.23,61.7469,43.0246
7470,70.1993,114.304,58.1299,43.7338
7500,69.2671,111.633,56.9369,44.5599
7530,70.7688,112.708,58.4262,45.2003
7560,72.1111,117.767,57.8066,45.6265
7590,72.364,113.25,58.0036,43.3312
7620,70.7384,111.938,58.2187,44.2496
7650,70.918,113.703,59.1352,45.2208
7680,70.6626,114.311,57.1413,45.8283
7710,72.4102,113.764,58.7912,42.4556
7740,70.3128,114.357,60.7898,41.8937
7770,71.4004,112.148,60.8882,44.1856
7800,68.8667,111.471,59.1044,42.0344
7830,69.8727,116.148,58.7225,45.5917
7860,72.0661,115.931,59.141,43.6881
7890,68.6841,117.664,57.9727,44.3991
7920,70.2097,113.56,59.6248,43.3447
7950,71.5687,117.846,59.2671,42.6482
7980,70.3583,113.239,57.6904,42.5324
8010,70.3068,111.321,60.417,44.2357
8040,68.6149,112.544,59.8559,43.5888
8070,72.4612,111.32,58.313,45.1436
8100,71.522,116.597,57.8761,45.2096
8130,71.7002,114.513,58.8496,42.675
8160,72.0575,111.185,59.542,44.2937
8190,72.7573,114.79,62.8214,43.7412
