Time,FC,PAS,PAM,PAD
-1,75,128,89,62
0,82.5,140.8,97.9,62
30,81.1387,143.932,99.7739,62
60,83.4387,138.321,95.7199,62
90,84.5317,137.983,99.0126,62
120,80.4695,139.538,95.833,62
150,91.6025,142.934,105.414,62
180,90.1572,137.685,107.452,62
210,81.4851,139.773,96.3648,62
240,83.869,144.228,100.238,62
270,84.2855,143.345,97.055,62
300,80.4804,139.962,98.6764,62
330,82.4172,140.004,97.3989,62
360,83.3525,140.62,96.4757,62
390,81.5861,139.289,99.2998,62
420,81.8477,139.255,100.141,62
450,81.6667,140.173,95.7522,61.8873
480,79.8303,143.897,95.5605,61.5984
510,82.2237,143.542,96.0764,60.7857
540,83.6141,140.955,97.5221,63.6914
570,78.8392,141.957,94.5875,60.6204
600,81.5699,140.994,98.3251,60.7515
630,84.6347,139.948,95.7043,63.5578
660,82.9965,138.864,99.1594,61.4162
690,82.9315,139.361,100.532,60.6427
720,85.8685,138.004,98.1563,62.792
750,83.2893,145.497,98.652,61.0152
780,84.4301,137.46,97.5748,62.39
810,81.6872,109.565,75.4639,49.2922
840,81.3836,110.683,76.8059,48.2517
870,77.1579,115.06,80.0449,50.1303
900,75.8032,113.39,80.2236,49.5793
930,79.4136,111.733,79.5307,53.5301
960,74.2172,116.572,75.6511,52.5649
990,75.1542,114.409,80.2601,48.9272
1020,76.8282,106.433,81.1344,50.0265
1050,75.9605,112.866,81.1992,48.9179
1080,75.7817,140.608,78.1678,48.5964
1110,77.5339,137.259,78.9968,48.9475
1140,71.3434,137.006,97.8674,50.1566
1170,74.2268,137.14,98.8669,47.5038
1200,75.5045,147.253,97.8648,62.7381
1230,73.5511,141.377,97.3032,65.5852
1260,71.135,94.9288,70.5475,50.8784
1290,62.8043,96.3658,45.9092,43.1222
1320,64.4755,98.4496,46.6063,44.2398
1350,64.8507,94.2203,47.1552,43.0586
1380,64.7638,98.5536,48.7239,44.0909
1410,65.6416,96.1562,51.7082,42.003
1440,64.7598,96.47,50.1182,39.5625
1470,65.2327,97.8748,46.5659,43.5185
1500,70.1336,93.4016,69.5326,41.7499
1530,68.5039,99.0447,62.5644,44.5214
1560,68.6009,95.7731,67.3462,42.4426
1590,66.1989,94.1123,64.9518,43.2776
1620,68.5758,95.0916,67.7155,41.6186
1650,70.0523,93.7463,65.3147,44.4969
1680,67.7849,93.4442,69.0486,43.3686
1710,66.75,95.5231,66.4807,41.6389
1740,69.1725,95.1957,66.8308,41.0476
1770,68.5597,94.728,65.0576,41.5033
1800,70.8982,92.0756,63.2357,41.7667
1830,70.6166,93.407,67.9488,44.4802
1860,68.9287,93.4026,65.2934,44.2724
1890,68.775,93.46,65.1976,40.3419
1920,68.4412,88.6943,63.1482,42.8746
1950,65.7191,65.9746,44.0327,39.7814
1980,64.2662,65.4744,44.7615,26.0086
2010,59.8103,70.5189,48.4381,28.9955
2040,65.2453,74.8344,56.8343,28.8162
2070,64.4928,69.2561,56.1481,29.1527
2100,65.651,74.1261,53.9707,31.8829
2130,65.5178,72.609,54.6925,30.9202
2160,61.6793,67.046,55.1194,29.2277
2190,62.4062,71.595,49.1328,30.3388
2220,76.6551,85.5235,62.7829,27.5205
2250,76.6547,90.103,66.3847,29.5424
2280,76.8266,80.7894,64.2487,29.7994
2310,70.7719,85.2978,63.9129,25.6216
2340,73.6441,91.0273,62.3431,26.554
2370,70.3365,84.7974,65.0462,27.143
2400,72.9768,82.0063,60.2892,27.6454
2430,71.8686,85.3329,60.8959,28.1192
2460,74.6844,86.6217,60.0857,29.568
2490,64.3371,69.3837,59.3724,32.6205
2520,63.0914,70.7096,62.1509,29.5338
2550,64.2844,62.125,58.4254,25.9749
2580,62.1427,70.4439,59.9196,28.971
2610,64.5615,72.7439,60.1472,25.7881
2640,63.2071,72.5381,61.8367,28.8349
2670,62.3841,71.1013,59.8476,32.8502
2700,66.9294,63.6104,59.7941,32.6571
2730,64.2245,70.3969,58.2143,34.8503
2760,65.4563,70.3398,59.9342,30.7833
2790,63.3507,68.5572,55.4739,32.5449
2820,64.7507,72.4582,59.0838,29.3929
2850,72.1505,88.7649,69.8772,31.5571
2880,74.1364,85.2814,69.1485,27.4865
2910,77.6849,89.43,63.6613,30.9958
2940,73.2666,88.1253,64.1126,29.7733
2970,73.9003,81.2421,61.7023,26.9892
3000,74.0014,89.3533,68.5239,30.2843
3030,73.3369,85.2709,62.8328,29.7546
3060,79.3728,86.4806,65.7653,33.766
3090,76.0449,84.8966,63.8732,31.9468
3120,79.6298,86.7004,68.6342,28.9774
3150,80.8612,83.8102,64.6834,28.3713
3180,86.8918,91.4478,66.2209,32.5788
3210,87.2352,91.9966,70.3294,30.4008
3240,86.5432,89.0244,67.4163,30.9023
3270,87.6471,85.0204,67.405,29.5114
3300,89.7618,88.421,70.0028,26.3972
3330,89.5314,93.3366,70.6857,29.6008
3360,90.9059,91.4333,67.7131,28.2585
3390,89.827,84.0771,66.6435,30.5284
3420,90.8327,89.1765,69.1205,30.689
3450,91.2102,91.2713,73.1016,27.3708
3480,95.9282,88.2269,72.0742,28.1495
3510,92.6638,88.3387,70.0225,30.8541
3540,89.566,85.7244,71.7462,28.8804
3570,94.9478,85.0473,72.169,28.8294
3600,89.1159,86.077,67.932,29.8791
3630,92.2468,92.8163,73.4981,27.5181
3660,93.9098,93.3136,74.1217,27.2688
3690,95.2409,89.5209,70.5258,33.7987
3720,94.5227,92.8532,70.9963,29.5299
3750,91.1244,91.7814,65.093,32.5884
3780,93.1941,90.5378,67.4235,28.6279
3810,90.5501,85.51,71.0923,27.2824
3840,87.4473,91.9337,71.4904,27.2335
3870,89.7164,89.5433,69.8098,28.9855
3900,89.9139,89.0688,69.0972,29.7138
3930,85.283,93.9688,74.7466,28.9381
3960,88.5475,88.917,74.1715,29.4558
3990,86.3766,91.3576,70.3943,29.5931
4020,85.8001,87.2951,68.1991,29.7268
4050,83.5486,89.7002,70.0515,32.0637
4080,85.5047,92.0273,72.3667,32.2782
4110,85.1961,88.8034,68.4797,31.723
4140,84.6232,89.707,73.0006,27.1986
4170,85.1737,89.1764,68.8503,30.0982
4200,86.77,85.4244,67.7043,25.9015
4230,85.8708,91.3615,71.5497,29.7646
4260,86.4872,93.9236,70.454,26.4569
4290,87.0704,91.3201,72.4861,31.8311
4320,86.5846,84.6557,66.997,26.8308
4350,88.7885,91.5578,73.5085,26.2567
4380,85.2105,91.3876,71.5926,31.187
4410,87.8478,89.7498,68.1619,32.4097
4440,88.397,87.6744,68.3849,29.0217
4470,89.6641,89.541,70.9675,31.8652
4500,90.2739,91.0262,67.3779,31.3303
4530,91.2242,88.0086,75.4851,29.642
4560,94.031,85.6452,72.3604,31.4173
4590,90.765,89.0265,71.2039,28.9767
4620,87.9092,90.7723,70.1077,30.0544
4650,94.1818,93.9076,68.59,31.4551
4680,92.778,93.5509,71.9256,32.0175
4710,92.0633,95.5516,73.3709,31.8483
4740,90.9583,90.7093,76.4934,32.494
4770,95.0211,97.3854,73.9899,29.8508
4800,91.0875,91.2136,71.0848,34.9864
4830,93.863,94.674,72.4165,27.8336
4860,92.4319,93.8573,71.1361,31.1232
4890,92.8775,93.9626,69.411,32.7248
4920,93.4893,91.325,68.5123,30.0591
4950,93.6642,93.7756,69.2237,31.4962
4980,91.7643,94.1298,68.7387,25.7497
5010,91.1287,97.4721,73.6503,28.2628
5040,94.9277,94.8031,70.767,30.385
5070,93.3609,89.6832,69.925,31.0713
5100,92.4379,94.5693,71.3367,28.9615
5130,94.2694,94.126,72.8168,26.3936
5160,92.832,92.9503,69.3617,29.5048
5190,92.3974,93.038,69.8092,26.668
5220,92.6447,91.0781,72.4689,28.0212
5250,91.313,97.9904,74.6498,28.0573
5280,89.2818,94.1897,68.9863,29.496
5310,92.1732,92.3621,72.9476,28.3769
5340,91.5636,89.1643,70.4409,29.3153
5370,89.6802,94.3439,69.7835,29.7788
5400,93.1083,95.8476,73.2982,27.144
5430,92.7933,91.7022,68.0829,29.5862
5460,94.2703,97.4405,76.0579,28.4791
5490,89.0679,94.5195,74.1828,28.7953
5520,92.2717,94.1632,69.9905,32.0266
5550,93.712,93.818,70.9461,26.938
5580,94.3777,90.7653,71.2654,29.4292
5610,92.2529,95.5974,73.3307,32.2493
5640,92.5902,92.5533,73.3208,31.9229
5670,94.3787,90.3648,72.6408,28.6353
5700,91.824,91.9829,73.9911,27.2872
5730,92.6652,94.1957,76.659,29.3048
5760,90.6384,93.6943,72.8439,29.22
5790,91.6314,96.47,71.5835,30.1337
5820,91.9685,92.9267,71.493,27.6679
5850,93.1669,93.9292,72.2377,29.5242
5880,92.4108,92.4942,72.1372,30.8787
5910,93.6264,94.1165,73.4024,29.9348
5940,92.7038,93.329,73.3218,27.3259
5970,94.7945,95.0803,73.3823,30.6757
6000,94.1515,90.693,76.0617,30.4961
6030,94.1047,91.9015,74.137,28.9846
6060,95.8694,90.2905,75.0625,31.6671
6090,96.511,91.3141,74.3719,29.7625
6120,98.0286,94.4119,69.9266,30.4923
6150,97.9587,94.2078,74.0882,29.8871
6180,99.9985,90.9468,73.9292,30.0655
6210,100.103,92.4605,71.077,30.5035
6240,102.717,89.1154,74.5094,30.2081
6270,103.03,91.4396,75.7817,27.2164
6300,102.896,92.2116,70.6718,28.4038
6330,103.29,91.8965,75.2101,29.7777
6360,100.397,89.0848,74.8751,32.3173
6390,103.846,92.5417,71.6502,28.6873
6420,101.899,90.5408,73.9123,28.4094
6450,100.312,90.6757,71.2245,29.6565
6480,103.378,90.5095,72.6491,26.7257
6510,103.524,89.2431,72.9863,27.6151
6540,101.061,89.8403,72.021,28.4182
6570,101.526,92.3023,74.6687,29.5749
6600,102.505,89.2168,75.5074,28.8213
6630,81.0775,74.9112,58.7048,30.6668
6660,80.8321,72.5823,59.0149,27.7315
6690,82.4475,74.8553,59.2764,30.5072
6720,82.3638,71.7365,59.1896,29.539
6750,80.3468,65.8471,55.5504,30.2076
6780,82.8863,67.2842,57.003,30.5343
6810,80.6641,66.2999,55.671,29.3301
6840,79.8683,68.4387,57.5212,28.634
6870,83.2019,65.7307,55.0595,30.507
6900,81.5535,68.8267,58.5436,27.5018
6930,82.2993,66.5509,58.2991,30.2864
6960,82.7198,68.0277,55.9731,27.1184
6990,81.9348,67.275,58.7024,28.7154
7020,82.5279,67.5482,56.9008,27.2325
7050,81.9117,68.4693,57.853,29.4902
7080,80.6713,67.1709,55.6484,27.8527
7110,81.0913,66.3459,55.9105,30.2774
7140,83.0596,66.1227,55.2645,29.205
7170,80.8938,69.5992,57.1696,27.6163
7200,81.2944,69.1197,55.8191,27.2664
7230,71.8831,58.7642,50.9508,30.3771
7260,76.6073,100.706,78.0109,37.5658
7290,80.1228,103.854,81.5175,50.1721
7320,77.8336,100.846,78.8338,48.4706
7350,78.4042,102.578,79.6385,47.2388
7380,79.712,102.759,81.0168,50.0007
7410,78.9895,102.009,78.3801,49.7076
7440,77.9235,101.957,81.6068,47.7653
7470,79.2404,102.723,78.9647,46.8759
7500,79.4956,101.777,78.9696,47.4627
7530,77.5112,101.286,78.7609,47.1156
7560,78.3717,102.482,80.4236,48.4184
7590,80.9094,100.802,80.5025,48.3758
7620,79.6101,102.462,79.5862,50.0783
7650,80.3984,102.905,81.1544,49.8256
7680,80.7381,103.877,78.712,47.7906
7710,78.3517,102.575,79.4002,49.3935
7740,80.2954,103.365,81.8367,49.3565
7770,80.5548,101.412,81.4093,46.8331
7800,79.8986,102.819,80.0511,48.5457
7830,79.6621,101.362,77.9672,47.1477
7860,79.8379,102.435,78.306,48.0252
7890,81.1519,104.607,79.0012,49.5305
7920,79.9847,102.617,78.4118,49.8388
7950,81.0238,102.73,80.5384,49.011
7980,77.9136,103.437,79.5762,49.959
8010,80.7264,101.854,81.7653,48.3791
8040,80.5739,102.8,77.9708,48.025
8070,80.1312,100.595,79.9635,47.782
8100,79.1493,103.251,80.6695,48.0843
8130,79.442,104.847,78.7387,47.2883
8160,79.1005,101.976,78.1959,47.9233
8190,80.6019,103.78,77.9816,50.0018
8220,78.8866,102.44,81.349,47.4579
8250,80.2451,104.279,80.7026,48.5556
8280,78.7673,103.711,81.5301,46.8075
8310,80.2553,102.433,79.3146,47.2682
8340,77.5572,100.713,80.1636,48.6215
8370,77.4505,103.972,80.7837,48.2136
8400,77.7861,104.06,81.0364,49.8857
8430,79.4262,104.103,81.2674,49.8173
8460,78.3025,103.712,78.3608,50.0309
8490,79.5571,104.155,79.8199,49.8278
8520,79.4489,102.269,81.5909,47.5409
8550,80.5987,101.763,79.5589,49.6744
8580,78.6696,104.906,79.4966,47.8214
8610,80.3256,101.05,80.9229,49.6342
8640,80.9526,102.963,80.8584,48.155
8670,78.7561,103.153,79.1365,48.6755
8700,78.5812,102.371,79.9534,49.6584
8730,78.0163,108.289,83.2344,49.2927
