Time,FC,PAS,PAM,PAD
-1,69,118,74,65
0,75.9,129.8,81.4,65
30,76.1558,131.296,83.1916,65
60,77.0206,127.073,81.3215,65
90,77.7329,129.032,80.438,65
120,75.4323,129.027,81.1776,65
150,82.5141,127.753,90.0849,65
180,85.1323,127.919,87.6339,65
210,77.4649,132.168,89.4561,65
240,76.5882,129.381,89.631,65
270,74.6359,129.599,82.8055,65
300,76.0814,128.678,82.5718,65
330,76.6885,126.896,82.9591,65
360,75.6437,128.693,82.9755,65
390,75.9495,129.978,81.219,65
420,76.7977,129.746,82.7326,65
450,74.7056,128.913,80.9757,64.3235
480,78.134,129.178,80.1357,65.5267
510,75.7669,131.917,78.5954,66.5424
540,75.7163,130.559,82.8912,64.7005
570,77.9606,125.257,81.0434,63.9753
600,78.8493,130.788,82.5781,65.4307
630,75.8857,129.291,77.8237,64.4368
660,74.6752,129.137,80.9292,64.3492
690,76.0141,129.141,82.896,64.092
720,76.4485,129.03,83.1801,64.1673
750,74.4156,130.095,79.83,65.6742
780,75.7938,125.594,79.9977,66.1817
810,74.1135,128.33,84.9266,65.7172
840,76.1276,130.699,79.0753,65.1915
870,75.2831,132.935,82.9443,65.9559
900,75.2999,129.784,79.4277,64.8218
930,73.9509,103.302,64.4718,50.4943
960,74.9195,103.538,61.8993,51.3967
990,73.7371,104.122,69.3518,50.6916
1020,74.8252,104.361,63.0114,51.6965
1050,74.7148,105.305,66.8969,50.3861
1080,71.6804,104.033,64.7363,54.4495
1110,70.0934,97.3449,60.063,50.1654
1140,70.4909,105.818,68.585,51.0317
1170,67.6327,101.507,70.5909,54.0944
1200,67.4983,132.952,71.2165,63.932
1230,66.4015,129.949,64.6516,65.1416
1260,67.9582,129.341,80.5041,64.5301
1290,68.5885,126.716,77.4937,63.4836
1320,72.2366,125.347,78.1949,65.3777
1350,66.5492,130.331,86.5211,61.0997
1380,67.6655,132.915,82.2689,64.0298
1410,69.4465,125.57,79.5837,62.8655
1440,66.9159,136.43,86.1388,67.3474
1470,68.1243,131.196,79.5292,67.2153
1500,70.2999,134.125,80.9644,64.9316
1530,65.5596,133.948,84.213,66.3812
1560,67.0254,126.079,84.0779,62.9686
1590,67.7184,130.771,81.6498,64.8602
1620,67.8775,130.727,84.3093,64.8464
1650,71.2602,129.704,80.8593,63.1548
1680,67.8241,131.592,83.9547,65.3479
1710,70.2586,135.362,83.7403,63.9374
1740,63.845,83.6214,55.1544,55.4197
1770,57.5893,93.4064,36.1162,46.0887
1800,55.1279,92.1197,34.1655,43.7813
1830,53.4558,90.7918,35.798,46.631
1860,57.1405,88.4286,34.331,44.4258
1890,56.2664,91.7996,33.7437,45.0496
1920,57.4596,90.9786,38.2469,45.01
1950,57.6426,93.3121,39.354,45.1085
1980,61.7746,86.5857,47.3884,46.5393
2010,60.8315,83.0902,52.9725,47.1269
2040,60.1189,87.099,50.7104,45.0134
2070,57.3138,84.5495,52.3259,45.8121
2100,61.411,89.8525,50.8474,47.6112
2130,60.8104,85.0193,50.8744,46.0853
2160,61.2381,85.0538,54.2094,45.1598
2190,62.6636,87.0607,48.3778,45.0213
2220,59.5084,86.5451,52.1453,46.8259
2250,61.6518,85.4799,50.8849,44.717
2280,61.7876,86.7613,52.4489,43.7298
2310,62.3485,88.8267,52.7531,45.2992
2340,57.5513,85.2535,50.2034,46.5616
2370,56.5339,86.2557,56.6287,46.0094
2400,61.0765,82.4106,53.8489,47.4447
2430,57.1512,63.0802,35.3805,41.2458
2460,54.1135,62.0207,29.955,33.0467
2490,52.4953,61.9654,36.0421,29.3913
2520,59.2241,65.5401,37.5544,32.2964
2550,57.943,71.5924,36.4881,33.3615
2580,57.1458,67.0251,36.3617,34.399
2610,57.2428,59.6345,43.0989,32.7206
2640,55.6317,64.2605,39.8769,32.1689
2670,55.5699,66.055,44.3089,34.2346
2700,53.3103,61.0858,34.6445,32.804
2730,55.8246,68.1926,33.8575,30.2158
2760,51.2112,63.3557,38.0516,32.2292
2790,51.659,70.6032,35.064,30.6804
2820,52.1752,63.8326,37.3998,27.9821
2850,56.5439,59.0434,39.0313,34.4521
2880,52.7618,64.8237,33.7252,29.2813
2910,55.0596,66.3156,41.9488,30.6683
2940,54.5785,61.6806,40.5733,34.8683
2970,54.4126,67.3978,33.7883,30.6668
3000,55.0932,65.4438,36.9434,29.4012
3030,53.3196,68.2973,37.0912,35.6071
3060,54.9681,67.1199,38.0667,31.3952
3090,54.6475,63.4247,42.9029,31.5357
3120,51.8676,66.2779,38.9137,32.9174
3150,53.9286,68.1279,32.1742,33.7965
3180,64.8442,79.7677,41.3076,32.7975
3210,65.0821,80.8517,40.2879,30.8449
3240,54.155,68.7502,38.205,33.2068
3270,55.8374,62.6242,38.865,31.4947
3300,56.9455,64.219,39.6351,31.7894
3330,58.7861,65.9668,37.0402,29.1447
3360,56.4383,60.1165,38.5841,33.0629
3390,58.2775,60.9557,43.6661,33.7896
3420,56.2971,64.8277,42.938,31.1892
3450,54.749,60.7859,41.4009,34.0229
3480,57.7418,59.7426,41.5981,31.8705
3510,55.5058,67.4776,35.2572,31.5252
3540,55.646,64.3519,37.1851,31.7611
3570,52.002,64.5335,36.8241,30.0515
3600,57.5658,63.4072,39.2015,36.965
3630,60.6972,65.7569,39.2848,31.0229
3660,60.7997,63.5563,33.5447,32.1814
3690,60.3102,60.5422,37.5,32.2967
3720,62.6023,63.7688,38.7965,29.0279
3750,62.2284,63.3118,33.6354,33.3778
3780,60.7887,58.2299,33.7503,30.5846
3810,62.206,62.5961,34.9153,30.0353
3840,65.6108,64.1595,34.1766,31.793
3870,63.0317,64.5591,39.5574,32.9117
3900,65.0891,63.0363,45.2525,33.1457
3930,66.8862,63.8658,43.3905,32.5047
3960,66.9389,60.8331,37.0887,30.9096
3990,64.1609,57.5294,43.3038,33.1259
4020,63.5282,64.1381,36.5069,31.1279
4050,67.3087,64.1611,38.4308,31.7666
4080,66.0921,62.8309,40.0724,32.4378
4110,66.5347,59.2251,38.752,34.8922
4140,65.4486,60.3664,39.1141,31.697
4170,67.7776,62.9572,37.0817,32.8759
4200,65.7825,58.6171,38.7912,35.408
4230,67.7927,63.6337,40.1468,34.691
4260,64.0972,62.0853,44.3159,30.6553
4290,65.1858,62.254,40.8119,32.2586
4320,62.3401,60.4616,39.8993,34.0608
4350,64.4165,64.8943,44.67,31.1539
4380,63.6783,58.745,44.1088,34.7682
4410,64.4217,62.7492,38.2898,33.8954
4440,64.6606,58.3442,39.0723,35.4556
4470,65.3703,63.5163,37.6298,30.3421
4500,65.2936,64.0781,38.0186,30.1012
4530,79.5306,77.1836,46.0363,32.7179
4560,80.3321,82.5724,45.5609,36.0074
4590,78.0807,78.3148,45.9576,34.3357
4620,75.2806,77.5425,43.4265,29.3918
4650,78.5342,75.24,50.9062,32.2856
4680,76.8478,74.8584,44.5084,31.4578
4710,78.0154,76.3959,44.4125,32.9438
4740,77.8823,81.2879,50.7311,32.4576
4770,77.1347,80.9555,46.285,31.1668
4800,80.2074,79.8415,47.0202,32.2388
4830,76.9047,72.8079,43.9589,33.0465
4860,82.675,79.6867,47.6641,29.1877
4890,81.9663,80.7082,46.7323,32.6523
4920,84.727,82.2372,50.5695,34.4051
4950,81.7141,79.9487,47.2676,31.6141
4980,84.1327,76.9055,51.4232,31.7422
5010,81.6329,79.558,47.8787,31.1112
5040,82.0371,83.2111,49.2277,32.6613
5070,84.5582,82.6145,48.7,32.5418
5100,84.8271,82.7532,48.6002,31.7838
5130,84.8275,83.0467,47.3342,31.8459
5160,84.7437,89.6044,46.2338,34.8841
5190,86.3254,87.2113,47.5542,33.3203
5220,87.3302,81.5121,49.2355,33.9155
5250,87.2876,83.8618,49.2239,32.8078
5280,88.0955,83.711,47.683,32.9867
5310,86.3726,82.9353,48.3521,33.6027
5340,91.5068,83.8283,54.7973,35.0241
5370,91.9626,80.592,46.2711,32.4766
5400,89.9899,83.2296,53.514,33.7692
5430,88.4367,81.231,51.6489,34.6181
5460,87.167,83.6217,50.1145,33.0971
5490,91.1916,86.9188,47.9073,32.6927
5520,86.9869,81.5415,51.2598,33.4909
5550,87.0245,88.1164,52.1819,34.8808
5580,85.5977,83.8528,49.8797,33.1701
5610,83.7489,85.8964,47.9888,31.3753
5640,82.8173,85.24,46.8354,30.6495
5670,85.1914,85.1697,53.1317,33.1243
5700,85.0358,82.9678,49.2211,34.9752
5730,80.3171,90.0748,48.5707,33.7891
5760,81.834,78.9793,52.1538,36.4773
5790,81.671,82.7932,45.5215,33.1185
5820,81.1656,84.1371,49.416,33.0894
5850,86.1871,85.9513,47.9116,31.6919
5880,78.7491,84.6794,47.5211,35.9319
5910,83.1461,86.1069,51.052,31.1706
5940,84.8686,86.9677,49.09,31.6469
5970,83.0994,84.0169,50.4151,31.1604
6000,80.9709,78.8097,49.7249,32.647
6030,79.4386,84.8811,45.74,30.7366
6060,83.2549,88.1923,53.5921,31.9435
6090,82.1012,83.1368,45.5829,31.9784
6120,83.0626,88.8401,45.3575,31.4387
6150,84.9828,86.2055,51.4207,34.6628
6180,82.5651,81.9602,52.0023,30.3451
6210,80.3483,84.8676,48.0101,31.0282
6240,84.2757,83.2268,45.3184,31.4856
6270,81.9686,84.0382,46.0908,32.6192
6300,80.6498,85.3059,50.6307,31.1597
6330,81.3229,86.2032,52.8929,34.8273
6360,81.5687,86.6171,47.1529,33.074
6390,82.0944,83.3633,45.665,34.1697
6420,81.3036,79.2556,48.7305,31.6003
6450,83.1932,86.6771,47.8792,30.8635
6480,81.3431,86.7165,50.483,36.9166
6510,80.3909,83.285,45.9209,34.8187
6540,80.5164,87.372,48.1881,31.6771
6570,84.7055,83.9725,46.6876,32.1694
6600,84.9284,86.6066,50.6755,31.8697
6630,80.6904,86.8874,52.0984,33.2861
6660,81.9446,80.6529,51.2213,32.1269
6690,81.5186,87.8631,48.5807,34.2774
6720,83.2752,82.8607,52.031,33.6811
6750,82.9995,84.9127,47.4379,33.0879
6780,82.0155,80.4843,48.6895,33.1851
6810,81.7285,79.2244,49.4252,34.3289
6840,82.3983,86.8044,48.2882,35.7317
6870,81.5795,84.0779,48.771,31.5059
6900,83.9373,82.8283,51.97,31.82
6930,84.9188,82.957,43.2885,34.1046
6960,80.8809,86.8421,46.2143,32.7427
6990,84.9192,81.0012,43.2367,33.7202
7020,82.3352,82.9226,47.5412,31.1782
7050,81.0226,81.704,49.4488,35.4581
7080,84.627,84.132,49.3923,32.4832
7110,81.6742,87.2935,51.1044,36.1503
7140,79.9865,82.4325,50.4083,31.7714
7170,84.3816,81.055,49.8945,32.9346
7200,82.4534,85.9955,53.4888,29.8805
7230,84.6889,79.6693,45.7013,32.269
7260,79.8145,89.482,46.9631,32.7905
7290,81.5852,85.9203,48.6791,31.5479
7320,81.9303,85.9878,53.6101,28.6256
7350,82.2725,84.755,50.6226,28.9934
7380,81.5927,82.7329,53.9278,33.4364
7410,81.7557,86.6626,52.9309,35.1868
7440,84.8573,81.8599,51.511,33.9788
7470,81.5837,82.0288,55.3028,31.6379
7500,82.5416,80.6552,47.0209,32.7743
7530,85.1405,84.7773,54.3556,31.9097
7560,82.24,86.7058,49.6978,35.2458
7590,82.2501,81.8826,49.9633,32.8096
7620,80.5731,85.3251,50.8565,34.2509
7650,80.1342,85.1439,48.2297,34.2771
7680,83.1884,86.4495,44.6507,30.3731
7710,85.1035,84.5105,49.5835,33.6268
7740,79.9233,85.1443,46.2011,31.5551
7770,80.6765,85.1753,52.3947,32.3921
7800,83.0331,86.3809,49.9504,30.2838
7830,83.5975,81.8869,48.7313,31.514
7860,83.6246,83.6697,46.116,33.2183
7890,83.6125,86.838,50.0478,32.6412
7920,80.9766,87.5456,51.8286,35.8563
7950,82.8968,83.4381,45.6629,33.9792
7980,81.7379,82.8784,50.2706,29.0678
8010,85.698,81.1095,49.495,34.4468
8040,78.9628,83.0723,48.6422,32.9621
8070,80.4073,77.6299,52.0299,30.6382
8100,82.16,79.2735,48.6856,32.18
8130,85.971,80.5351,49.9521,31.8033
8160,84.357,83.3237,50.324,34.0641
8190,84.38,83.0149,52.6631,32.9584
8220,83.8291,78.1023,50.9003,33.4961
8250,86.4277,81.5973,49.6375,29.5521
8280,88.3398,80.2775,53.3236,33.1761
8310,86.9729,78.4983,47.8385,34.3918
8340,86.2057,81.3607,50.9058,31.1067
8370,90.2192,80.8517,50.036,30.2973
8400,86.8074,82.3998,51.464,28.8872
8430,90.3433,82.6606,49.6515,30.2729
8460,90.3179,80.5665,53.9699,27.5212
8490,90.8259,82.6293,52.4156,30.3742
8520,89.7115,81.0935,51.3878,31.4749
8550,89.4527,81.3908,51.2916,31.1329
8580,92.1457,78.4289,52.3664,29.3471
8610,93.3596,78.5181,53.6479,30.2226
8640,89.6734,79.4721,53.903,29.8862
8670,90.0315,80.3894,51.1107,30.0708
8700,88.3975,79.6414,50.6979,30.3771
8730,92.4666,81.0908,50.8401,31.4775
8760,87.3308,79.7778,46.2162,30.0559
8790,89.3236,81.1081,50.5495,30.8699
8820,91.9922,81.6496,52.4683,30.713
8850,93.1369,81.4293,46.556,28.5661
8880,89.1102,81.2376,49.9305,29.0466
8910,90.0397,82.4175,53.9475,30.594
8940,92.1454,78.8407,52.9906,29.0433
8970,90.201,81.1467,51.7778,31.1906
9000,89.745,83.74,52.5212,30.402
9030,90.2563,81.5121,50.0361,28.7206
9060,92.372,81.9554,49.4341,30.5123
9090,92.6406,80.1883,48.8306,31.9564
9120,92.3706,81.4786,47.3927,27.0959
9150,89.0119,80.5252,52.5452,29.2493
9180,92.4028,85.2945,49.3571,29.8237
9210,87.6757,82.0346,49.8234,27.5285
9240,90.3329,82.4093,52.8582,31.8321
9270,88.7848,83.2625,49.8267,32.367
9300,90.978,84.3513,48.7162,27.4623
9330,91.7241,84.1653,51.3451,31.6705
9360,91.0275,78.379,51.1253,28.5407
9390,88.3828,83.36,51.4436,31.8429
9420,89.9057,81.956,49.8151,30.727
9450,89.6383,82.8888,49.0527,29.7916
9480,89.3489,83.0898,46.7964,31.032
9510,90.2819,80.5694,50.4072,31.0923
9540,89.442,82.2329,49.7803,32.1763
9570,91.6058,83.3299,50.0843,29.3768
9600,89.5231,82.6369,51.2663,31.8314
9630,91.9712,81.83,49.8089,30.3685
9660,90.4389,81.4528,54.4827,31.1376
9690,89.7354,81.4526,46.3656,30.6076
9720,90.7486,85.115,51.1137,30.6622
9750,75.3349,63.5815,39.2885,30.5847
9780,73.4848,66.7785,40.0729,30.2926
9810,74.8889,59.9204,38.9996,29.1814
9840,72.5405,63.8276,38.9946,28.786
9870,74.9936,65.1366,41.432,30.83
9900,72.0324,62.0006,37.6217,28.4542
9930,72.5258,59.6486,41.2606,30.035
9960,74.5744,60.9815,37.1281,28.0162
9990,71.3177,62.3215,36.6539,29.5696
10020,72.2179,64.0147,42.0168,30.1507
10050,71.1209,61.0343,41.0937,31.5228
10080,71.7834,65.6397,40.4782,29.2358
10110,71.819,63.272,37.9155,29.1653
10140,71.0746,64.5505,42.8688,29.2132
10170,71.5378,64.7528,38.8882,30.3624
10200,75.6947,63.8284,42.5502,27.227
10230,63.8772,59.8285,36.1398,30.1582
10260,70.2212,96.2673,64.6068,41.5843
10290,71.423,95.044,65.0774,51.5898
10320,72.9896,93.8733,61.286,49.6681
10350,73.0211,95.6269,59.7294,49.3239
10380,68.7585,94.7712,61.5689,49.5151
10410,69.577,93.7391,63.2238,48.9595
10440,71.6722,94.2714,63.5767,50.0258
10470,69.7313,93.0348,60.7671,51.9554
10500,72.3781,94.8744,58.3897,49.5568
10530,72.7118,95.2069,60.0852,48.033
10560,72.0232,92.9994,63.4256,50.058
10590,71.0188,94.3791,64.5737,50.71
10620,71.5622,94.7672,60.165,50.5832
10650,70.8662,95.7056,63.7791,50.3852
10680,71.5846,93.1576,61.9126,48.3303
10710,70.9154,93.4149,64.5849,50.0101
10740,71.6217,94.1516,60.4453,47.7291
10770,72.571,94.8959,59.887,49.5095
10800,70.597,92.6512,63.0429,50.266
10830,70.0873,94.5224,62.0798,49.2374
10860,69.5134,93.0575,61.5198,49.5345
10890,72.7593,96.3912,64.3675,48.5032
10920,71.4418,96.6593,63.6575,50.1077
10950,72.6149,94.632,61.3961,49.0455
10980,72.8999,94.024,62.8977,50.174
11010,69.5095,94.8757,62.4394,48.463
11040,71.954,92.6707,60.9033,50.232
11070,71.7028,95.0548,62.0948,49.4777
11100,72.3947,95.6251,61.3589,49.8843
11130,71.8401,92.8911,60.3537,48.1727
11160,69.9841,95.9831,60.1814,47.5483
11190,70.7854,93.7857,62.6067,48.5415
11220,72.1669,92.6906,60.8815,49.8983
11250,71.9836,95.3598,60.3115,48.7722
11280,72.3331,93.4582,61.3462,48.8621
11310,72.6963,95.4683,60.2768,49.8267
11340,71.1455,93.8383,62.4837,47.9018
11370,71.3537,94.9232,61.7708,49.5888
11400,71.0047,94.1241,63.481,50.0023
11430,71.7732,96.2468,62.6982,49.2032
