Time,FC,PAS,PAM,PAD
-1,63,93,70,71
0,69.3,102.3,77,71
30,69.0082,101.225,77.8057,71
60,69.1025,100.95,75.9048,71
90,67.6603,104.459,76.2057,71
120,69.5742,102.283,77.437,71
150,77.0254,103.391,84.4919,71
180,76.1266,102.852,84.5941,71
210,70.5578,100.391,83.5692,71
240,68.2566,104.357,84.5979,71
270,68.2357,100.624,76.2483,71
300,68.9797,102.399,77.7978,71
330,69.1006,99.7522,75.7154,71
360,69.2918,103.726,76.6822,71
390,69.2762,104.096,76.6024,71
420,69.1617,104.125,76.0474,71
450,70.7479,100.729,78.7879,72.1071
480,68.0648,98.4679,77.8681,72.4381
510,65.7748,102.479,74.8438,72.7093
540,69.7321,101.227,78.4675,72.1696
570,71.192,102.328,76.2994,69.2117
600,69.8615,106.662,80.3039,69.7687
630,69.1897,99.6643,79.4703,71.4169
660,69.1917,100.896,76.3503,71.1359
690,70.446,103.086,75.3165,71.4544
720,66.7757,103.791,78.0911,71.4909
750,69.4023,101.614,80.2985,71.1187
780,70.029,96.7176,75.1118,73.4303
810,68.3153,84.171,63.053,52.8362
840,67.982,86.3382,56.5617,54.2483
870,70.5154,82.4358,58.9726,56.6548
900,64.8894,86.8273,61.1573,54.9028
930,66.6513,83.9717,62.2468,56.2441
960,69.3286,85.0339,62.4624,59.3307
990,62.527,76.0152,57.4761,56.3427
1020,59.9952,80.163,60.6858,54.3395
1050,68.1832,80.0404,58.8836,58.4787
1080,64.4865,84.0363,79.7829,53.9299
1110,60.6696,83.7067,72.585,57.7382
1140,58.8489,102.342,79.5831,56.9884
1170,58.5691,100.474,76.486,53.3697
1200,60.1795,74.4845,68.7049,52.4288
1230,54.5374,68.1318,33.9089,54.4179
1260,52.5299,66.656,35.253,58.2775
1290,53.2134,73.2448,32.4867,53.9864
1320,52.857,71.5271,32.0637,54.7742
1350,55.9558,73.4485,32.5755,58.3202
1380,52.119,71.2128,30.3404,55.8939
1410,54.2195,73.3334,30.6377,54.6295
1440,56.4355,73.4049,49.2492,56.1005
1470,59.9843,74.3477,51.5938,52.1507
1500,59.0485,77.8309,49.7339,54.0097
1530,54.4301,73.6676,55.6101,55.8268
1560,57.4943,69.1227,52.6254,51.6041
1590,57.2384,69.4522,52.8367,57.2295
1620,57.6851,72.5438,50.9294,54.264
1650,58.3807,73.1422,51.4614,56.3899
1680,59.6224,70.0845,53.5042,53.7022
1710,59.2575,66.6629,53.3703,52.9956
1740,57.2237,73.2373,49.39,52.6055
1770,55.8095,71.183,49.1128,56.2336
1800,54.597,72.9188,53.0952,51.1791
1830,56.6151,74.1387,51.999,53.2566
1860,55.8521,73.5056,51.4629,52.5302
1890,52.9736,52.9894,45.1128,40.8514
1920,53.106,51.489,35.6921,38.8018
1950,49.3535,49.5438,33.8555,42.2092
1980,53.0115,50.4392,34.4268,39.0831
2010,51.9414,50.1061,36.8468,39.4274
2040,54.9148,46.6626,34.4648,36.9054
2070,50.8708,48.6262,33.0878,39.542
2100,55.9825,51.0547,38.845,42.7149
2130,66.3148,60.2584,52.4418,36.5318
2160,67.804,62.7884,49.9622,43.3725
2190,56.8921,51.1388,40.9443,36.1709
2220,55.8419,53.7753,45.2763,39.3143
2250,55.1314,50.1384,43.5135,38.2584
2280,56.7055,56.8803,45.7514,38.7623
2310,58.1115,49.3602,36.0268,35.9178
2340,53.1781,53.5222,45.6552,37.2214
2370,52.3601,50.5173,40.4384,38.1654
2400,56.878,47.4711,42.6285,40.5702
2430,54.6606,50.0955,38.6259,35.6263
2460,53.9297,52.4409,44.0157,40.5229
2490,56.5675,46.5796,46.9827,43.7069
2520,53.1569,54.6721,40.5633,36.849
2550,54.1706,51.4974,42.2277,40.8182
2580,62.7074,67.8645,46.4221,39.7655
2610,66.0498,64.3317,49.3146,38.9811
2640,64.397,57.4765,52.0913,39.0959
2670,62.4429,60.9972,48.631,43.025
2700,65.2885,59.2871,46.4567,37.0208
2730,64.5911,60.2603,46.0147,40.5798
2760,63.3635,59.3803,52.5857,44.0351
2790,60.8557,69.0472,48.5715,38.6174
2820,60.2953,60.762,49.0684,38.713
2850,65.0114,62.2451,53.6841,40.1684
2880,63.0017,64.7078,44.3138,35.6051
2910,66.8252,68.6351,52.0445,36.1707
2940,66.1743,65.7621,48.2022,39.1398
2970,70.3029,67.8681,47.8138,37.8938
3000,68.7232,64.3134,55.6078,38.4479
3030,71.1409,67.1682,53.3582,37.8991
3060,70.3389,69.0439,50.2606,39.1629
3090,66.8269,69.4659,51.453,38.0292
3120,68.083,71.2885,49.1224,36.7932
3150,72.0982,69.1124,52.8888,36.8385
3180,72.2184,72.3438,55.0942,37.7008
3210,72.5481,73.741,55.7791,35.8942
3240,75.5094,69.6649,49.9019,43.8
3270,76.2348,79.0641,57.8749,37.8724
3300,78.6029,73.013,52.315,34.3309
3330,73.788,77.3994,49.1736,33.2099
3360,76.2589,68.8161,52.2097,39.8014
3390,76.5053,69.0051,52.9569,42.4031
3420,75.947,75.139,57.4281,36.7086
3450,78.6011,68.6785,51.5143,38.0586
3480,75.5356,75.1891,52.3462,37.0321
3510,76.6229,70.456,57.9295,39.7811
3540,75.8771,73.8608,51.1718,39.5111
3570,72.6613,74.5127,54.4216,34.5921
3600,74.5015,65.5544,53.8115,37.2679
3630,71.5611,79.4816,58.1342,36.856
3660,71.7872,72.5751,52.4498,41.4902
3690,72.04,69.1586,55.0099,38.9275
3720,70.6223,69.8049,53.207,42.2109
3750,69.1203,75.7138,55.2756,34.8805
3780,66.6402,75.0245,53.3698,33.4983
3810,70.9967,68.6965,50.7837,39.9493
3840,71.7184,73.2983,61.3915,38.9206
3870,69.1428,75.6363,56.9464,38.5642
3900,68.2197,75.2168,57.3712,40.0278
3930,70.4652,70.026,56.8197,35.0499
3960,67.616,73.8015,57.5931,42.5577
3990,67.6341,70.0244,59.9887,34.5061
4020,71.721,73.2251,51.3149,35.4661
4050,67.8872,81.1595,55.83,39.5413
4080,64.7861,74.9141,55.2454,35.9142
4110,68.1512,76.682,57.1051,38.641
4140,67.1798,71.2419,59.5373,34.7752
4170,65.9679,76.6805,58.0755,39.6745
4200,67.3879,73.6071,52.9086,36.2975
4230,72.8111,73.9536,58.0716,40.7068
4260,72.4445,77.9277,63.1254,37.4404
4290,73.8683,73.9927,55.5516,34.7422
4320,71.4336,79.2242,61.8292,34.2833
4350,73.3829,74.9563,56.3732,34.8238
4380,76.5221,68.7563,52.4244,36.8113
4410,74.2662,76.5831,57.9451,36.8589
4440,72.8874,79.7988,58.8727,33.039
4470,73.9087,73.8105,59.7653,40.0999
4500,72.1836,74.1235,63.462,35.7472
4530,72.9776,70.394,59.6855,30.4401
4560,78.2681,77.9711,61.2305,38.0903
4590,72.2867,70.756,59.1401,35.2107
4620,77.0755,75.4961,59.5925,34.3522
4650,75.4199,75.5754,58.8208,37.2437
4680,77.2615,71.3987,61.3392,36.3353
4710,77.2292,65.3699,57.68,37.0834
4740,77.1884,72.3922,62.9611,35.1561
4770,74.7007,72.0953,58.0472,33.8833
4800,74.0391,77.7173,61.8744,35.7102
4830,77.1419,76.413,62.8827,38.5859
4860,75.9479,77.4261,62.6097,36.5293
4890,74.7368,75.4278,57.1487,36.5262
4920,73.7627,78.6883,58.2355,38.1318
4950,76.5617,73.5791,57.3719,38.9502
4980,72.6408,75.4044,59.1862,38.3935
5010,72.3068,70.4425,56.0559,32.4506
5040,75.5148,69.8328,60.0954,34.8623
5070,75.4902,81.701,60.2869,35.9874
5100,74.3064,74.0401,58.4987,39.147
5130,75.7669,75.9322,63.0948,36.6778
5160,76.2019,79.039,65.7448,35.6794
5190,74.9798,72.9296,61.6762,36.5708
5220,77.9386,75.2375,60.6872,36.9068
5250,74.385,74.2435,58.6218,38.8404
5280,73.8058,71.5321,59.7595,35.3332
5310,75.4805,73.6022,60.6289,34.9822
5340,75.6156,74.4363,58.1544,38.2452
5370,76.4096,77.0276,57.189,37.294
5400,75.8057,78.7188,60.4359,38.7624
5430,73.9715,78.6766,60.7461,35.3279
5460,76.8897,75.0891,58.8819,38.8766
5490,74.3138,72.9509,62.4565,37.8109
5520,77.1527,75.8711,59.1691,36.2499
5550,76.059,74.7563,64.2582,36.9283
5580,78.0875,79.1535,61.9279,35.4825
5610,73.9313,76.4671,59.8289,40.2836
5640,77.3427,75.9811,58.6983,35.435
5670,77.531,75.8495,60.6636,37.052
5700,79.1085,76.8931,59.6338,39.9754
5730,78.1742,79.5348,56.478,39.5425
5760,78.0392,73.9815,61.8404,35.0767
5790,80.3807,72.3152,57.4256,40.3826
5820,79.0955,73.2924,59.841,34.7613
5850,81.6098,73.6942,59.4051,41.0067
5880,81.5294,77.2452,60.5959,37.6314
5910,83.4188,77.8163,59.0353,40.2544
5940,66.0371,62.9857,47.026,36.174
5970,67.7741,61.2663,49.4783,36.8313
6000,67.7373,60.2658,47.4345,38.9407
6030,66.5178,56.9151,48.1722,37.5595
6060,66.858,56.6585,45.4516,36.948
6090,69.732,56.9813,46.7346,34.951
6120,67.5621,56.1957,46.1131,39.5732
6150,66.9359,60.7611,48.1566,35.501
6180,66.0074,58.076,47.1277,37.6791
6210,68.9294,58.0316,48.8952,34.197
6240,66.2656,58.9467,49.3901,36.1607
6270,67.8336,58.8219,45.891,34.6989
6300,66.7181,54.8879,49.3437,36.4902
6330,66.2254,55.3195,47.3379,37.2784
6360,69.617,57.3113,48.9934,36.9348
6390,66.4442,57.4179,47.3898,34.8868
6420,70.0377,59.8353,45.166,38.5986
6450,66.5618,61.2512,45.3525,35.9186
6480,59.5781,53.7429,40.4959,35.8983
6510,65.285,84.7952,51.9939,52.8173
6540,66.1827,82.242,64.9042,51.8586
6570,66.7845,85.7889,62.6672,50.0133
6600,65.4176,81.76,66.3797,53.1107
6630,67.1977,83.84,65.8036,52.214
6660,68.2102,85.9658,65.2826,49.7647
6690,64.9223,86.3001,66.3119,51.792
6720,65.7579,85.4207,65.6474,53.6728
6750,66.0749,85.15,64.8134,51.7148
6780,67.4545,84.36,64.6572,50.7243
6810,67.4674,82.1185,64.6542,52.3794
6840,68.1112,86.2032,63.4417,53.348
6870,68.3137,81.5977,65.8224,52.5109
6900,65.2542,85.056,65.9762,51.3274
6930,66.4144,81.1902,65.5548,53.842
6960,67.8388,82.3117,66.1391,51.6543
6990,64.2911,82.0199,65.6286,53.461
7020,67.6641,81.2409,66.6623,52.7416
7050,65.3783,82.4452,63.1071,51.2755
7080,65.1891,82.4134,67.2175,51.2874
7110,65.8715,84.4589,66.1723,52.9075
7140,65.8449,83.4173,66.7252,53.9196
7170,66.3228,83.5709,66.4519,51.8757
7200,67.2877,83.9343,65.8323,53.3121
7230,67.342,82.6139,65.1997,52.6296
7260,65.7532,83.0826,63.424,52.9127
7290,67.0192,82.3927,66.6661,53.8742
7320,66.4731,85.4446,63.1586,53.9958
7350,66.139,85.664,65.3647,53.6737
7380,65.5167,83.3488,66.2388,53.5449
7410,68.0726,84.0508,63.4865,52.9459
7440,64.6872,85.65,64.5473,53.7142
7470,64.8981,86.1502,64.656,52.484
7500,65.6314,84.2024,63.4563,50.5266
7530,67.8269,81.0499,66.9353,51.9992
7560,67.7508,81.0166,64.2141,51.633
7590,67.8916,85.9537,63.3423,51.2031
7620,65.6841,85.9565,62.6346,51.5141
7650,66.2174,81.9136,67.0104,52.7102
7680,64.3682,82.727,64.758,51.2474
7710,65.3623,85.7612,66.0874,52.7897
7740,66.1845,85.9127,65.5617,51.7415
7770,68.105,83.8245,66.0992,53.3884
7800,66.4995,81.2731,62.9809,52.0806
7830,68.3049,82.1498,65.5204,51.7216
7860,64.9532,86.3799,67.4764,52.792
