Time,FC,PAS,PAM,PAD
-1,90,102,74,84
0,99,112.2,81.4,84
30,96.5774,114.358,79.5537,84
60,101.151,113.429,82.1066,84
90,98.6481,114.688,81.9492,84
120,97.1392,110.373,80.5679,84
150,108.977,112.98,89.352,84
180,109.927,112.735,88.6771,84
210,99.7452,110.455,80.3569,84
240,97.0896,113.278,82.2498,84
270,99.385,113.626,83.4235,84
300,98.8721,113.164,80.6973,84
330,99.5758,114.788,80.2767,84
360,97.201,112.304,82.342,84
390,97.3099,110.555,79.5843,84
420,100.49,111.422,80.8092,84
450,99.5459,114.435,80.3664,85.0399
480,99.9424,113.191,81.9636,84.7594
510,98.1402,114.754,84.1365,83.402
540,99.2042,113.426,81.1045,84.1891
570,101.802,109.218,82.0214,82.621
600,98.822,114.517,82.0542,85.4179
630,96.0642,113.861,79.1478,84.1392
660,95.3674,114.672,81.0527,83.3634
690,97.9374,111.936,83.2956,83.9542
720,101.238,112.838,82.9316,82.2278
750,97.0777,114.061,80.8038,82.6994
780,100.184,113.73,83.0607,82.8246
810,99.8846,112.382,81.5871,84.2248
840,96.802,107.512,83.7828,84.2781
870,99.2691,110.453,80.8775,83.9108
900,100.848,113.196,83.0391,83.7767
930,95.8324,92.0334,62.7369,66.8974
960,96.8706,95.978,61.5907,63.9708
990,93.3468,95.2451,65.7165,65.0459
1020,94.9251,83.4984,68.0989,68.2361
1050,93.791,83.228,67.1595,65.8598
1080,94.887,93.5864,64.3378,67.218
1110,92.595,93.1671,62.5074,66.6145
1140,91.9675,93.6456,64.7966,65.5565
1170,90.5312,93.1158,60.5507,67.3255
1200,91.209,116,80.634,84.4012
1230,92.0964,112.93,79.9134,81.3646
1260,90.6395,114.642,78.9006,82.2019
1290,94.1156,113.585,82.818,83.374
1320,87.1707,110.414,81.215,83.7353
1350,89.8677,111.865,84.5109,82.9581
1380,88.8803,113.437,77.7031,86.2818
1410,85.3598,118.709,79.1457,82.1776
1440,88.4326,114.523,84.0955,86.7555
1470,89.2964,114.128,82.109,84.8302
1500,89.9339,107.591,79.7486,85.6803
1530,91.8242,112.747,84.7183,82.5686
1560,89.5598,110.18,81.226,83.394
1590,88.4541,109.128,81.381,83.0349
1620,87.9112,108.59,75.6722,81.3055
1650,91.4448,111.998,84.4363,84.9731
1680,83.7953,97.5248,51.2241,70.8879
1710,76.8228,83.1787,37.5599,58.6688
1740,74.9902,77.9391,36.2118,60.4863
1770,76.8549,74.5671,33.9729,57.2803
1800,77.5558,76.1605,38.8015,58.6722
1830,76.7978,83.0249,37.7933,62.0178
1860,74.5416,83.5078,38.0422,59.4428
1890,74.9861,79.7693,35.5332,61.1196
1920,80.4507,74.198,51.0258,61.7721
1950,80.0292,79.4281,50.3812,61.2278
1980,81.6148,79.2375,49.6156,60.5983
2010,79.3957,79.6281,51.6066,58.9937
2040,80.1757,75.8214,45.0802,62.0016
2070,81.486,75.9279,46.8801,57.4047
2100,81.6773,78.317,55.0347,61.2032
2130,80.0887,78.3559,48.6111,58.1955
2160,81.8758,78.6432,54.1097,59.5473
2190,83.1921,79.6796,52.851,59.8266
2220,80.1728,77.4055,53.8062,57.9886
2250,82.8178,76.8072,54.389,59.7984
2280,81.2947,74.8971,50.3433,61.7672
2310,75.5035,65.1127,37.0604,51.1872
2340,71.8155,54.1481,33.0943,40.6344
2370,73.7173,56.166,36.1905,39.3139
2400,70.7781,50.9905,39.293,40.992
2430,76.5029,64.4435,41.7812,39.8757
2460,77.4099,61.5637,37.7191,41.4287
2490,78.2538,57.2163,38.172,39.1714
2520,76.6791,55.9448,42.371,43.7058
2550,76.656,53.7181,40.9447,38.5445
2580,73.8881,58.9457,39.3876,39.395
2610,72.6313,59.6988,43.2299,37.1709
2640,72.4604,59.3761,41.2096,41.6512
2670,72.4031,59.0821,35.8588,41.8246
2700,71.7824,56.1066,36.8252,42.7272
2730,73.238,55.8099,38.4866,40.3162
2760,72.6546,59.9565,39.8793,39.2743
2790,71.9768,57.1316,34.2518,40.6665
2820,73.0743,57.6661,42.0393,36.7136
2850,88.1481,73.5109,52.8147,42.166
2880,87.9733,71.4916,47.5734,36.8227
2910,76.6706,62.3867,35.4698,42.8527
2940,75.1692,57.504,33.6264,39.6933
2970,76.3974,63.1173,35.8787,41.223
3000,76.3629,64.2639,36.548,43.5911
3030,77.4057,61.4847,37.7958,43.8867
3060,76.262,64.3897,34.3272,39.1944
3090,74.3068,65.1191,31.1303,38.4296
3120,76.7691,56.9155,33.601,44.0198
3150,76.6294,59.9821,35.1144,41.1178
3180,76.9292,59.2997,38.0646,39.0088
3210,75.0449,60.3184,35.4976,42.4046
3240,75.8639,60.9685,39.1049,41.2008
3270,77.6051,61.2013,42.1116,38.9998
3300,75.1514,58.4977,41.0012,43.7799
3330,75.86,58.8622,34.7453,38.0671
3360,77.8173,57.3129,34.6876,39.2309
3390,77.436,57.5898,38.8306,37.6415
3420,77.0484,60.4661,32.8652,38.7856
3450,79.3208,60.6834,35.1804,40.1113
3480,79.3903,62.6207,36.7057,41.595
3510,81.0506,62.8726,39.3459,39.6082
3540,82.3411,56.9924,38.2079,43.2512
3570,80.9217,60.6072,39.3871,43.12
3600,80.6548,61.1354,37.2682,39.2418
3630,82.0571,61.3781,33.7197,42.6042
3660,84.6757,58.4463,39.6826,37.497
3690,85.925,62.8473,42.0952,40.3457
3720,85.6448,59.7246,34.0909,39.2658
3750,86.259,54.9494,37.3151,39.7164
3780,84.9155,59.1781,38.9029,44.0989
3810,86.4914,62.5291,32.4731,38.7302
3840,86.8588,63.4709,38.4925,41.9115
3870,86.7158,61.0638,36.0448,40.3894
3900,84.5656,60.8945,36.2946,44.2935
3930,87.0461,58.4977,39.1686,39.477
3960,87.2921,59.8173,39.7848,39.5513
3990,85.6641,61.8204,36.086,41.2652
4020,86.3891,65.0108,39.1805,37.9488
4050,86.3729,63.9319,33.0849,45.6342
4080,84.432,59.5933,38.6089,40.8097
4110,85.1221,59.4144,35.658,41.5084
4140,86.6239,61.6,39.7759,39.8364
4170,85.2592,67.1264,36.1946,41.8663
4200,88.401,63.5106,36.3828,42.0562
4230,86.0656,59.8243,37.0329,42.871
4260,101.303,71.5369,48.968,41.5989
4290,101.112,72.1188,47.8996,45.2185
4320,101.441,67.7599,46.9243,39.0621
4350,101.887,71.9403,46.3231,41.8721
4380,102.319,71.3446,47.4445,41.0115
4410,100.951,68.4314,46.9673,45.1984
4440,101.378,70.871,47.2122,40.6975
4470,101.053,67.278,41.5096,41.4333
4500,103.618,67.6666,43.3816,40.7475
4530,104.594,73.6886,47.187,40.7697
4560,101.968,71.9277,43.4614,41.2581
4590,107.867,73.2737,51.4668,40.2714
4620,108.16,75.3691,46.9541,39.8183
4650,108.732,79.6293,45.3741,42.4893
4680,109.39,74.254,48.7883,42.4816
4710,107.721,74.4729,48.6392,40.7776
4740,109.558,78.671,49.5336,40.7536
4770,111.143,75.6647,45.8093,41.111
4800,111.367,78.39,44.9869,41.9716
4830,112.142,80.3181,47.8388,41.1045
4860,114.429,78.1119,49.2158,43.1379
4890,113.964,77.5931,47.493,43.1581
4920,116.117,79.1927,52.2203,41.8871
4950,118.686,75.0776,50.7256,40.8494
4980,116.187,79.5687,47.3335,43.6197
5010,115.397,73.0588,50.316,41.2621
5040,117.542,76.3623,47.5752,41.0372
5070,116.065,76.2665,49.7911,42.614
5100,120.556,82.5847,45.5075,41.2172
5130,116.702,77.3932,52.1584,46.1847
5160,118.319,73.4972,49.1471,45.0562
5190,115.879,84.5846,53.7399,45.2306
5220,116.435,78.6135,47.873,42.3709
5250,114.17,80.6562,46.6701,41.9363
5280,116.221,79.0332,47.8462,40.8632
5310,111.381,85.3012,45.9608,39.7468
5340,112.516,79.0678,43.2597,39.7057
5370,109.608,82.55,54.2405,43.1429
5400,110.061,79.4403,43.5237,42.0442
5430,107.6,79.9937,51.3507,39.1257
5460,105.618,80.9171,51.1921,40.1778
5490,110.02,81.4529,44.259,45.2379
5520,107.671,82.6402,46.8961,41.9195
5550,107.229,77.4885,46.8748,45.103
5580,108.055,82.6247,48.9975,42.5243
5610,108.473,82.0342,53.4356,41.6748
5640,108.047,80.3277,49.833,41.3919
5670,107.815,83.4803,48.4553,40.21
5700,107.554,77.4432,47.0658,41.5885
5730,106.05,77.7136,51.4471,43.2626
5760,110.435,77.0658,51.0982,41.6296
5790,106.704,77.458,46.4612,41.3316
5820,109.694,80.7819,48.9348,43.1452
5850,109.975,81.4464,48.7621,42.0227
5880,107.946,80.8372,48.9251,38.8433
5910,108.851,81.2087,45.2376,43.6815
5940,108.673,81.848,48.776,40.7947
5970,108.603,82.9857,49.368,39.8284
6000,109.552,79.4662,48.4317,41.1489
6030,109.863,81.7481,42.9619,39.3711
6060,107.744,83.4689,44.3028,42.936
6090,108.444,80.8696,46.6231,41.8396
6120,108.749,81.996,49.1845,40.8394
6150,108.673,79.8401,50.6862,42.6528
6180,107.391,82.1726,48.8853,44.6435
6210,107.006,82.2229,50.4672,39.2759
6240,107.849,79.4961,44.3372,41.0479
6270,110.682,76.8099,47.9112,44.6736
6300,109.883,80.8631,50.504,41.5203
6330,107.402,78.4728,51.5832,44.1275
6360,106.597,79.7725,49.4837,39.2686
6390,109.346,74.4653,47.2599,40.5214
6420,107.422,85.2407,51.4552,46.1691
6450,107.866,82.0538,46.656,38.6101
6480,107.795,77.8594,46.9582,42.7244
6510,107.769,79.4192,46.5365,42.1311
6540,109.223,80.8732,51.6344,38.8706
6570,108.468,83.8818,51.6363,44.1773
6600,107.356,83.9984,49.4483,40.4817
6630,108.173,83.2504,50.7237,41.2068
6660,109.38,76.2816,47.8376,40.8203
6690,108.866,79.7834,56.2989,39.763
6720,109.679,79.318,46.5192,41.2812
6750,109.79,83.2734,51.4731,41.8617
6780,108.711,82.2798,50.2098,44.0214
6810,108.345,84.4322,48.5033,43.7005
6840,109.181,79.6941,53.0624,42.0298
6870,107.904,83.5274,51.2843,40.4086
6900,109.946,83.7882,49.4651,43.3513
6930,109.701,80.8998,51.0758,43.163
6960,109.68,79.1853,47.4664,37.8899
6990,109.096,83.0888,48.3916,41.3621
7020,108.102,78.5188,51.7118,40.1156
7050,108.292,78.6674,50.0938,43.4959
7080,108.612,83.7937,46.691,41.7745
7110,107.057,82.166,53.6957,41.8943
7140,107.99,78.6307,43.0471,41.0059
7170,106.573,76.6817,50.1883,37.6822
7200,106.202,86.1746,49.5507,43.3704
7230,109.783,84.2024,50.9847,39.4917
7260,108.193,81.2023,49.7066,43.1594
7290,108.383,81.464,48.9277,41.2513
7320,106.808,83.7124,51.3255,44.1863
7350,108.3,80.816,48.7205,40.5867
7380,108.136,77.8998,49.302,43.7492
7410,110.412,78.5127,46.8953,44.1246
7440,110.335,78.3848,46.4156,40.2753
7470,108.976,83.8364,47.2672,40.6031
7500,106.827,80.032,52.2346,43.471
7530,107.242,82.2243,52.2404,44.0747
7560,109.247,80.6197,44.9704,40.9038
7590,110.336,85.9918,49.7652,43.4925
7620,109.346,82.1392,47.9319,39.7052
7650,109.988,81.3361,54.2517,44.3723
7680,111.141,80.8884,51.8563,38.5948
7710,113.276,88.4718,52.2369,42.6383
7740,112.65,81.9659,51.9311,41.1782
7770,114.734,81.917,51.4041,40.4118
7800,115.291,84.5591,50.1965,43.897
7830,115.34,82.9342,50.7769,42.2576
7860,116.271,81.4488,51.8052,46.1742
7890,119.805,82.0948,49.7216,42.5145
7920,120.201,80.9156,54.128,37.7194
7950,121.025,81.3328,53.1453,42.598
7980,117.912,85.441,51.7711,42.5923
8010,119.751,77.6614,52.5808,40.0699
8040,119.404,80.2342,50.7999,41.999
8070,119.89,79.9186,52.3304,42.2759
8100,119.681,80.933,53.9185,41.3578
8130,118.887,83.6683,54.4038,39.9398
8160,119.545,84.3691,49.4931,40.3511
8190,119.385,81.844,48.2059,39.2156
8220,119.361,82.9795,51.499,40.6414
8250,119.255,82.7225,52.4282,39.6333
8280,119.186,79.4138,53.6572,39.9644
8310,117.691,83.2442,52.3519,42.267
8340,118.508,78.5524,48.9336,38.8483
8370,119.586,78.9138,49.1908,40.0736
8400,119.979,78.6398,52.721,40.6726
8430,117.342,81.0225,48.4214,39.9089
8460,118.152,80.7235,45.7507,39.2072
8490,119.533,78.7207,51.0979,39.9494
8520,118.142,78.7774,46.6241,39.6402
8550,119.365,81.9841,47.6185,39.3346
8580,119.192,81.4913,46.9093,41.08
8610,118.333,82.9975,48.6628,38.8115
8640,119.098,82.5329,46.1402,38.8549
8670,117.701,82.0196,46.5578,40.1693
8700,119.619,79.2135,47.2484,40.66
8730,117.244,82.3537,49.3489,39.5503
8760,117.447,79.2208,47.1407,42.2947
8790,119.815,78.3876,45.5574,41.2361
8820,119.001,81.0156,46.4607,39.2662
8850,118.445,78.7709,45.6772,39.5129
8880,119.876,80.3325,46.0588,39.5528
8910,117.426,81.1732,47.8398,38.9254
8940,119.313,78.7336,47.66,41.9948
8970,119.743,80.7545,45.4468,39.0967
9000,119.061,81.1426,45.2446,41.0818
9030,118.787,79.2641,46.463,39.8017
9060,95.49,65.6435,37.6868,39.6888
9090,95.4823,65.3626,37.8628,41.3643
9120,92.4382,61.3399,38.0769,39.405
9150,93.3143,60.547,34.6753,39.016
9180,94.4239,61.8191,38.2002,40.8288
9210,93.3514,58.1592,36.7729,38.7622
9240,94.4369,61.4847,36.6658,39.7186
9270,95.3251,62.6538,36.2401,41.3062
9300,94.3193,62.7494,38.1794,40.1128
9330,94.2055,59.9348,34.023,40.9045
9360,92.8378,57.9353,37.2779,40.3257
9390,94.2174,57.7809,36.0051,39.6138
9420,94.9035,60.1504,37.4529,39.1589
9450,94.1114,60.172,34.137,39.5042
9480,83.3869,54.5552,31.69,39.3266
9510,88.8741,67.6682,58.875,52.773
9540,90.556,88.4588,58.2269,66.4321
9570,91.2781,88.4439,55.6784,65.672
9600,93.1353,89.1872,58.708,65.8404
9630,93.4969,85.9955,57.9934,67.0739
9660,92.9922,86.767,59.0173,65.547
9690,93.479,84.3556,57.4633,64.8967
9720,92.8818,84.5217,56.3746,66.0783
9750,90.7206,85.3269,58.8497,64.5808
9780,90.571,87.249,58.0812,65.2549
9810,91.7417,88.7991,57.968,65.1774
9840,93.1496,86.8276,58.0876,67.2607
9870,93.0739,86.2016,57.659,66.5773
9900,93.1632,86.8279,54.7523,67.2557
9930,92.0674,87.1748,54.7892,65.2623
9960,92.3823,86.0682,58.5121,66.7311
9990,92.1973,87.5491,58.4744,66.3371
10020,91.1925,86.7009,58.8427,66.5325
10050,91.6234,86.9693,58.9977,65.0548
10080,90.5779,87.2581,55.0038,67.3774
10110,93.4647,87.6452,57.1594,67.2389
10140,90.993,86.855,57.8693,66.6811
10170,90.7208,87.6408,59.3049,66.7314
10200,90.5239,88.028,56.5122,66.2817
10230,91.6707,85.0501,55.4026,66.4489
10260,92.4158,89.3102,55.8794,67.8335
10290,92.1019,84.9349,55.757,66.233
10320,92.6872,85.6442,56.7066,66.6784
10350,93.3602,88.9111,57.1101,64.5605
10380,91.7867,85.0427,58.382,66.0302
10410,92.9882,87.8911,55.5903,67.2129
10440,91.8806,87.0557,56.5543,67.2591
10470,92.6337,86.9026,56.8349,65.3803
10500,92.061,87.6994,56.1851,64.3365
10530,92.9581,86.8871,57.498,66.0818
10560,92.8948,89.2673,55.5886,66.7997
10590,93.2676,87.683,58.5379,65.386
10620,93.0142,87.0842,58.6114,66.5023
10650,91.3012,89.2643,56.8444,66.8241
10680,92.1268,88.4195,57.3283,65.0401
10710,91.5142,89.2238,57.3019,67.2872
10740,92.2374,91.4176,61.2009,65.8579
