Time,FC,PAS,PAM,PAD
-1,73,96,72,87
0,80.3,105.6,79.2,87
30,80.3109,105.883,79.2003,87
60,80.6362,103.696,80.7979,87
90,81.427,107.861,79.1375,87
120,78.3989,103.86,80.952,87
150,88.7277,106.102,88.1654,87
180,89.5085,105.899,88.2173,87
210,90.1316,103.055,77.6635,87
240,86.905,105.025,78.8023,87
270,82.0814,107.705,78.6718,87
300,78.4495,104.392,79.9289,87
330,79.0969,103.854,78.9808,87
360,79.6523,105.009,81.0621,87
390,82.2356,106.608,80.7434,87
420,79.2905,106.253,78.3613,87
450,80.4565,104.848,80.0085,87.1171
480,80.508,106.408,77.2285,88.9198
510,78.4549,104.224,79.3617,84.8933
540,80.2974,106.868,79.8554,86.9995
570,80.5197,107.397,80.3257,86.6886
600,78.1982,105.475,80.6752,86.1022
630,79.7768,101.752,78.1012,87.6821
660,83.4141,106.627,78.8748,88.1945
690,80.5182,104.6,77.5236,85.3956
720,79.8031,105.233,81.1052,86.5977
750,79.6288,105.774,80.5076,86.4674
780,80.4341,104.28,78.4609,85.8775
810,79.128,105.315,79.6844,86.8064
840,79.2507,106.061,76.1144,88.6514
870,79.1949,104.804,83.2203,88.6965
900,80.8255,100.804,79.0087,83.026
930,79.0887,83.6637,62.9359,69.345
960,82.0857,82.9943,61.8817,72.2051
990,81.83,87.1132,62.1871,71.2377
1020,76.213,85.6921,65.1882,72.3022
1050,77.6502,85.1778,62.7986,71.6208
1080,74.4655,87.847,64.575,66.9786
1110,77.3411,88.8547,63.8597,68.8934
1140,70.945,88.0081,62.7993,68.484
1170,73.3322,84.2643,63.5427,67.2948
1200,73.0948,84.023,78.9697,67.6426
1230,75.4905,83.571,75.2575,68.4033
1260,74.6481,109.086,84.5871,87.271
1290,73.7352,105.168,81.3151,89.0532
1320,74.4497,105.906,81.1521,89.3261
1350,72.7909,107.425,76.7423,88.6817
1380,69.8456,107.355,81.1262,82.3806
1410,76.2663,107.879,78.1693,88.2829
1440,69.1115,106.736,78.4043,86.4419
1470,73.5694,103.423,78.7949,91.007
1500,75.3407,113.996,78.4939,88.8382
1530,71.5711,107.044,81.2211,83.1873
1560,70.5511,111.251,80.5067,87.8202
1590,72.8567,104.081,82.4332,87.8389
1620,71.6131,103.165,83.8917,83.7854
1650,72.1322,103.911,78.8689,87.2331
1680,71.379,107.313,80.5504,90.1561
1710,70.3044,102.569,80.6954,84.9853
1740,65.7108,87.1929,56.8185,61.383
1770,56.056,75.6633,36.3279,66.2761
1800,57.9796,74.3035,37.272,57.4106
1830,59.6943,77.5348,34.6436,60.5296
1860,55.5247,77.9851,41.3943,58.7636
1890,58.3705,69.9744,36.9432,58.9776
1920,59.4393,71.6372,39.5168,62.8011
1950,59.4299,75.436,37.8574,61.02
1980,65.528,76.9737,53.8506,64.4418
2010,60.5249,78.0714,50.6297,58.8403
2040,63.4348,75.0098,48.909,61.9246
2070,65.6599,79.4131,53.128,62.5798
2100,59.7032,75.3023,53.4745,62.599
2130,64.4566,75.6026,52.7648,59.5513
2160,63.8722,74.1875,54.2319,62.9842
2190,62.9358,70.9509,53.8318,59.9512
2220,63.4742,80.438,49.4749,65.6389
2250,62.3912,76.5846,53.7841,65.5472
2280,60.3692,78.396,55.0189,64.2745
2310,62.3755,77.838,52.2305,62.1215
2340,65.4524,76.9782,49.9255,63.336
2370,62.8977,74.3663,52.1441,63.8366
2400,63.072,72.1898,51.0823,62.1477
2430,60.7993,65.7306,37.878,41.5571
2460,60.3027,51.8159,41.4894,43.4735
2490,55.1467,47.8223,38.7832,46.4218
2520,59.136,53.8095,41.4815,38.2484
2550,62.1572,62.4168,41.4534,41.443
2580,59.7923,52.6876,37.0869,39.566
2610,59.5125,51.0058,35.461,42.2285
2640,57.119,49.918,41.5137,44.949
2670,62.0342,54.4808,43.8448,47.0338
2700,57.0605,56.9961,43.1665,41.2908
2730,56.2606,54.285,43.0373,39.3784
2760,58.6753,49.7274,42.809,45.8204
2790,56.3486,52.176,43.1635,38.8006
2820,57.0515,51.9556,38.2803,45.276
2850,58.8996,58.2186,43.2663,43.2135
2880,57.6281,57.1621,41.5853,46.8747
2910,59.1816,59.1493,41.2764,45.423
2940,67.0845,73.5899,52.8565,44.2365
2970,68.3336,73.2631,49.5388,39.5106
3000,56.4461,55.1384,40.0839,42.8883
3030,59.3067,55.6045,40.7345,45.1222
3060,59.441,55.4964,42.6185,39.676
3090,58.1038,60.9883,39.1492,41.3307
3120,60.8078,52.0473,42.9915,41.6594
3150,60.5113,59.1244,41.1115,41.896
3180,62.7783,55.6371,43.8851,47.0457
3210,60.7675,56.0861,37.8846,39.0428
3240,66.5836,64.7945,36.626,45.2289
3270,67.3457,53.6786,42.9228,41.2399
3300,61.9298,55.7923,39.5315,41.8288
3330,67.3235,59.3686,33.9894,43.494
3360,69.7329,56.1015,42.2258,41.2801
3390,64.8368,50.7454,41.3757,42.2799
3420,69.0988,51.0375,44.5147,38.1659
3450,65.5653,53.1359,39.6999,45.6289
3480,65.7223,54.8246,37.9701,45.5046
3510,68.0143,54.3711,36.0675,43.0268
3540,68.4335,62.4265,41.0704,38.7211
3570,63.6379,57.8654,39.0817,38.4101
3600,68.5773,66.2774,40.8306,37.174
3630,69.9932,57.6397,40.4058,40.9878
3660,67.0071,58.1273,37.3878,40.573
3690,68.8004,52.4519,43.7986,45.0623
3720,64.2089,54.8301,37.3074,42.5067
3750,67.3508,53.6987,41.7038,41.1762
3780,69.7902,54.2931,40.4099,43.0267
3810,66.504,53.5104,35.8656,42.8331
3840,67.8848,57.3889,38.328,41.9349
3870,66.0483,54.9391,41.1143,41.258
3900,67.4023,49.9078,37.9865,40.3183
3930,67.06,58.9877,39.2059,45.6655
3960,70.7191,52.4842,41.056,46.2907
3990,66.5021,53.1459,41.957,37.6319
4020,70.9459,52.018,44.6015,43.2389
4050,67.6349,54.9938,38.9258,42.9252
4080,69.6706,53.9686,38.5831,40.9351
4110,68.4008,52.3105,39.7892,42.8376
4140,65.093,53.5038,40.7852,38.8772
4170,69.4378,57.8517,40.7584,38.9866
4200,66.1049,55.1127,36.3157,41.6799
4230,68.4738,54.5761,40.8771,38.4217
4260,65.4165,55.3385,38.952,39.493
4290,80.1461,61.8151,49.3037,39.0227
4320,80.8589,64.1878,54.1429,36.2871
4350,81.1011,61.568,51.494,39.9233
4380,83.2126,62.1857,50.6561,42.4027
4410,76.6761,66.5792,47.6541,44.9737
4440,82.3932,65.9501,47.5211,40.0223
4470,76.758,61.3632,48.8193,43.1232
4500,82.362,66.1427,49.899,42.4486
4530,79.1932,69.3415,49.973,38.7805
4560,79.6602,65.9294,45.7739,41.8056
4590,78.1905,63.6941,48.7232,45.7386
4620,88.6212,67.0816,52.1246,44.8548
4650,86.0249,67.22,52.0865,42.6855
4680,85.2951,64.8571,48.7989,42.2011
4710,89.2829,66.0245,54.5755,41.3468
4740,88.3909,65.1034,56.9662,37.0828
4770,88.734,67.9093,52.6378,43.6395
4800,90.1816,69.2076,51.0914,41.8352
4830,87.7878,65.1547,57.1029,41.5919
4860,92.6331,67.3507,57.8433,38.1453
4890,96.3122,60.9332,55.442,42.1494
4920,92.0907,66.0914,56.4345,40.7551
4950,96.9711,65.4892,58.2917,42.1957
4980,96.4547,69.3723,59.3001,43.5867
5010,97.7089,63.0944,56.746,40.5149
5040,94.227,72.3038,56.1424,44.0442
5070,92.9143,66.1588,54.5468,37.2839
5100,94.4609,65.6794,57.7242,46.1341
5130,96.0831,70.6429,57.7419,42.4467
5160,94.5547,66.3316,57.4053,46.0126
5190,95.2711,68.2023,60.7504,39.4796
5220,91.1345,65.3601,53.2771,44.0216
5250,91.5924,62.9275,59.7063,47.2743
5280,92.5033,71.9203,58.6061,40.1093
5310,92.0627,71.7015,51.9339,41.8396
5340,86.6955,71.7601,53.7654,44.3548
5370,85.9976,75.1491,53.439,45.3269
5400,91.7027,67.9645,60.9797,44.9799
5430,89.4021,65.9533,55.4114,43.2733
5460,84.7166,70.8522,51.1219,43.3376
5490,85.2188,70.2076,58.9733,43.2746
5520,85.7702,69.8571,58.072,48.4911
5550,82.7474,74.5131,57.4147,41.5591
5580,82.9913,66.0148,59.5207,42.8263
5610,88.0327,68.992,57.7015,44.2047
5640,86.0848,71.7387,59.2506,49.012
5670,81.2531,74.5818,62.8397,42.1486
5700,85.8222,70.3506,57.5064,45.5836
5730,86.2063,66.5379,55.4198,49.0257
5760,85.5866,68.1843,56.7425,44.8008
5790,87.2197,71.9442,60.4169,42.9795
5820,86.0473,72.5105,59.4323,43.1352
5850,86.7194,68.7744,59.966,43.6559
5880,83.9715,75.7291,55.9463,49.2891
5910,86.4903,70.5863,56.3225,42.0231
5940,87.8581,66.6984,56.1594,47.2625
5970,85.0886,67.0688,60.2452,41.6356
6000,86.5896,74.3157,55.9765,46.9778
6030,87.2507,68.8424,58.2724,45.3907
6060,88.1049,72.079,54.1056,42.58
6090,87.4393,70.3297,59.4426,40.0553
6120,84.9457,72.2793,57.864,45.7166
6150,87.814,68.8246,58.1049,44.2107
6180,84.1418,73.7067,58.2709,42.7707
6210,88.0824,73.5371,60.9369,41.7959
6240,87.8709,71.6918,56.4505,45.0354
6270,85.3994,72.3104,58.7528,42.2383
6300,87.0841,66.6293,56.6338,45.1264
6330,87.7234,75.246,60.2964,42.5535
6360,90.5148,68.858,59.3415,41.8265
6390,88.4924,68.7632,58.5489,46.5137
6420,88.0804,69.1066,61.2931,45.1013
6450,89.7463,71.0546,56.1511,47.5771
6480,85.6273,69.9707,60.9979,40.5408
6510,87.5822,71.8357,54.9656,45.5292
6540,88.3818,70.5712,56.9331,44.9213
6570,86.5396,68.096,60.4407,39.1523
6600,86.4515,72.9755,61.023,43.1267
6630,88.802,71.22,57.0987,41.2437
6660,85.7948,65.5905,58.7037,39.3914
6690,85.1011,72.8263,58.7301,39.9442
6720,87.6953,68.2041,58.7483,42.8667
6750,85.9485,69.4038,56.558,44.6104
6780,87.6625,73.1026,60.0688,38.3383
6810,84.9984,69.2193,61.5665,42.3118
6840,83.9971,69.2863,60.1204,39.9878
6870,89.7795,72.1828,60.1526,39.4219
6900,88.8909,70.5964,56.8455,44.4699
6930,87.6563,74.7964,58.6023,43.3239
6960,88.4794,75.1009,59.4992,43.0295
6990,85.9637,71.2667,61.6028,41.8115
7020,83.9556,72.488,58.5084,41.2042
7050,85.7983,68.3351,60.1507,43.086
7080,87.1358,66.5256,62.0368,44.9809
7110,83.5436,72.8454,53.6279,41.7473
7140,89.1796,70.3162,54.3951,44.4504
7170,86.294,68.6837,56.3519,41.4198
7200,87.1028,68.6958,56.1445,46.1926
7230,86.3772,68.7688,58.6818,40.7746
7260,85.4723,72.9705,60.3925,46.7502
7290,89.8566,72.3251,61.0662,43.6513
7320,88.8951,69.3258,60.2428,41.1215
7350,88.3473,65.3768,59.3169,41.4765
7380,92.3835,69.7914,58.7811,41.3241
7410,90.6557,67.5353,57.476,42.5392
7440,92.0426,69.7305,58.4734,39.1314
7470,90.0657,68.3627,58.6206,44.4689
7500,88.5911,70.4695,57.296,44.2032
7530,89.8034,74.4574,55.4408,44.6575
7560,92.9182,73.4538,61.2854,47.0849
7590,94.7367,75.8331,58.5818,45.7293
7620,96.6771,66.8266,57.5132,40.008
7650,94.2874,69.3261,58.9392,47.2633
7680,97.5253,72.634,55.623,40.6433
7710,100.188,77.6945,57.2313,42.3301
7740,98.9787,74.5934,58.5993,41.0134
7770,100.132,74.8135,56.9155,43.9059
7800,98.7462,72.5998,57.8312,46.8254
7830,99.9049,75.8907,53.5922,44.2692
7860,97.6894,71.4979,59.7905,41.5872
7890,100.967,68.263,57.7064,42.2132
7920,100.059,74.469,54.0384,40.5272
7950,100.647,73.5116,60.3355,42.5092
7980,101.115,74.4446,55.7417,44.2704
8010,98.9492,69.2853,54.8005,42.906
8040,99.9722,70.9097,57.1975,43.4377
8070,98.9598,76.7171,54.4936,44.6558
8100,99.1763,72.2882,58.5462,42.1709
8130,99.9752,74.7238,59.3456,40.8395
8160,100.865,73.8898,60.7307,45.3657
8190,99.511,68.85,58.1507,40.2477
8220,99.1748,74.3372,59.5521,45.7173
8250,99.3443,75.2925,58.0588,42.5423
8280,101.253,72.3338,59.6319,43.1373
8310,97.914,73.8613,58.5363,42.4047
8340,98.5947,74.2486,57.6847,42.6809
8370,101.328,69.2947,61.0448,45.5862
8400,99.9416,72.5166,60.3894,43.343
8430,101.522,73.5939,59.6941,45.1953
8460,99.8737,72.0451,59.8563,45.3795
8490,101,70.3266,60.1984,41.8223
8520,99.2523,72.3998,60.7226,43.1409
8550,100.508,70.3651,59.576,43.8774
8580,99.668,70.9743,58.5706,42.464
8610,100.234,68.6299,61.289,44.8123
8640,102.673,70.0525,60.392,43.6277
8670,99.3861,73.6763,57.9164,44.9213
8700,101.029,68.6032,58.7677,42.2701
8730,100.236,73.7794,58.4135,43.441
8760,101.682,68.6567,60.8452,42.0177
8790,100.306,70.2936,60.1742,43.9564
8820,102.006,73.4976,60.6874,42.0712
8850,102.657,72.2747,61.1397,45.3513
8880,102.808,71.7082,58.9949,42.0223
8910,101.08,71.1621,61.1984,41.932
8940,100.868,69.714,58.5207,45.1568
8970,99.6487,71.1912,58.6226,45.3971
9000,100.931,69.0791,57.4671,45.2972
9030,100.571,72.0919,59.2632,42.4292
9060,101.235,69.6942,58.812,43.8253
9090,102.536,69.6955,59.1879,45.3672
9120,102.109,72.7817,57.4424,43.0788
9150,99.9896,73.365,59.3106,44.8954
9180,99.335,72.3339,60.0431,42.9054
9210,99.6726,73.3968,58.3342,44.6252
9240,98.8783,69.748,59.9164,43.4
9270,102.439,68.712,60.1099,43.5941
9300,99.8395,73.7231,57.4715,42.2156
9330,99.592,70.8411,57.6312,45.7901
9360,99.7466,68.821,58.8873,43.7044
9390,102.701,72.8008,58.6244,41.8546
9420,100.891,73.3991,59.0656,44.583
9450,102.149,71.7842,59.2187,45.0749
9480,102.206,68.6554,58.5024,44.6245
9510,99.0531,73.3288,58.2522,42.8087
9540,102.342,69.6492,59.3238,41.7469
9570,80.9487,57.2877,45.7216,45.2201
9600,80.6067,56.6747,47.0769,43.7022
9630,76.6932,54.2774,47.0101,44.4868
9660,78.1996,55.9886,46.2497,43.1299
9690,78.2724,55.2152,45.4048,43.268
9720,79.3603,53.2265,45.0998,45.367
9750,77.3507,52.5192,45.3765,42.4343
9780,78.0717,54.2366,45.6664,42.2176
9810,76.5172,52.3928,44.6556,44.4953
9840,78.6993,52.8317,45.3978,45.2267
9870,76.043,54.9263,46.8785,44.0058
9900,78.9241,55.8439,48.5522,42.8507
9930,70.8043,45.8098,42.9987,44.1216
9960,73.0859,64.8805,66.3073,71.0251
9990,74.2864,79.4718,64.818,69.8928
10020,74.9854,77.944,67.6919,68.9844
10050,76.475,80.3173,64.8379,68.5914
10080,74.5619,77.6272,65.1684,68.0313
10110,74.1111,79.9344,67.6204,70.6116
10140,76.5524,79.8504,64.8208,69.0281
10170,77.288,80.3582,64.5154,69.0592
10200,76.4204,78.8228,65.9211,70.5317
10230,74.6569,78.7161,66.2533,69.4015
10260,77.4616,77.4608,64.2621,69.6695
10290,74.2659,76.6283,68.3316,68.5367
10320,75.6412,76.8938,66.6781,69.5183
10350,77.5888,77.9109,65.9656,69.8866
10380,74.2533,78.7764,64.7786,67.1263
10410,75.2929,76.8754,66.3045,67.3089
10440,76.7334,80.6096,67.9211,71.2574
10470,75.4376,77.7527,66.4822,68.5679
10500,76.3664,78.7228,68.3087,70.4527
10530,76.4706,80.8939,64.8515,67.732
10560,74.2732,79.7232,67.3445,67.4667
10590,74.157,76.6518,67.4452,68.0934
10620,76.529,80.6073,65.3611,67.4242
10650,74.0424,79.8963,64.8859,70.6049
10680,76.331,76.011,67.6577,67.3676
10710,75.2689,77.7088,66.0603,67.2261
10740,77.2886,78.0007,67.763,69.4811
10770,75.1111,81.1052,67.3082,69.1275
10800,76.5751,78.362,66.7038,70.5585
10830,76.2152,77.7203,64.5219,68.4035
10860,74.682,77.6256,65.955,68.4269
10890,74.072,78.8459,64.8931,70.2092
10920,76.0964,81.0239,67.6634,71.2309
10950,74.9886,77.1787,64.3316,67.9077
10980,76.3406,80.4428,67.4798,71.3225
11010,77.1198,78.5344,66.2783,69.4128
11040,77.6404,76.234,65.8107,69.5835
11070,75.4133,78.1983,68.0641,69.8824
11100,76.8285,77.555,68.379,70.7374
11130,77.0557,78.7745,68.7459,69.0591
