Time,FC,PAS,PAM,PAD
-1,65,129,96,72
0,71.5,141.9,105.6,72
30,70.2903,142.3,103.796,72
60,71.9704,140.09,107.571,72
90,72.9583,142.482,104.439,72
120,71.0925,141.627,105.13,72
150,77.706,144.968,115.337,72
180,78.2067,141.737,114.183,72
210,72.5474,144.931,107.603,72
240,72.0141,140.317,103.803,72
270,72.688,140.603,106.813,72
300,71.7183,142.638,107.822,72
330,70.3815,139.784,106.257,72
360,72.0805,138.611,107.039,72
390,73.1727,139.251,103.67,72
420,71.867,140.254,106.816,72
450,70.8069,144.536,108.799,72.4478
480,70.7893,139.24,108.459,70.7835
510,68.9193,141.856,108.945,72.8317
540,72.8873,144.356,101.235,71.1956
570,71.8702,142.737,104.097,71.4332
600,72.6353,142.592,102.642,71.1594
630,71.6149,142.558,106.138,72.1765
660,70.9029,141.969,103.63,71.5915
690,70.3144,144.297,107.003,71.2783
720,71.1426,143.844,105.703,72.8757
750,73.0586,137.16,103.323,70.7525
780,73.8727,145.236,108.275,72.4002
810,68.4453,146.016,104.489,71.6755
840,71.6051,143.606,103.585,71.5026
870,73.6484,138.502,104.879,72.4479
900,72.1333,143.711,102.915,70.3019
930,68.8065,116.788,84.7456,58.6601
960,70.07,115.476,87.9643,60.5243
990,68.8251,112.254,83.4994,58.7747
1020,67.5195,110.59,82.273,58.8729
1050,66.8461,113.086,83.685,57.6872
1080,70.1973,106.53,82.0087,55.2819
1110,64.6708,115.059,85.7664,58.8974
1140,66.9382,114.11,87.8381,60.0301
1170,67.043,116.004,83.4823,56.4058
1200,68.1628,113.784,109.903,58.6847
1230,64.1454,109.141,103.178,56.4445
1260,64.1318,141.993,107.535,57.3478
1290,63.6612,149.023,108.063,56.7097
1320,62.7781,142.54,104.25,70.3833
1350,63.375,141.155,108.107,71.9404
1380,64.426,142.478,108.285,75.02
1410,67.522,144.053,104.897,74.0589
1440,64.6589,140.395,105.828,73.2363
1470,63.6923,137.528,102.337,70.7495
1500,63.2826,142.241,104.022,72.6476
1530,60.9667,145.477,105.503,72.2065
1560,64.7062,138.626,108.097,72.3232
1590,63.4682,139.369,106.073,72.2454
1620,62.8763,141.784,103.032,72.7809
1650,63.6284,145.926,105.243,68.7239
1680,65.9902,141.777,101.908,72.1007
1710,63.3702,144.01,105.342,71.1703
1740,64.7546,146.113,107.109,73.2335
1770,67.4454,135.655,108.696,70.3692
1800,66.6369,136.746,104.385,70.3568
1830,65.4358,141.708,108.06,73.3721
1860,56.5002,103.47,69.3417,51.0997
1890,52.9967,102.879,49.6821,48.4705
1920,52.7983,98.5952,49.9053,50.4407
1950,52.8742,102.998,48.4204,51.3269
1980,54.3556,93.8019,50.5142,49.4139
2010,53.8626,96.9406,48.3824,52.8959
2040,53.1944,100.615,46.4052,48.5195
2070,54.8008,92.2291,45.6908,50.4691
2100,59.0323,92.4625,61.5273,49.8634
2130,55.7435,93.8319,66.0965,49.2542
2160,57.5122,94.4797,66.1461,49.1131
2190,55.8668,95.5705,72.1333,48.922
2220,55.7446,101.21,63.0865,50.5066
2250,57.1792,93.2315,67.5766,50.9034
2280,56.3185,93.9543,65.6915,49.584
2310,56.9785,90.4248,64.2542,50.9881
2340,55.046,98.9011,67.1656,47.6936
2370,56.5176,91.1173,67.4258,52.021
2400,55.8281,94.3749,67.8739,53.127
2430,57.4995,95.892,65.2826,52.7149
2460,53.4986,88.0915,66.0968,51.9385
2490,52.6583,66.4399,45.8007,37.1519
2520,50.7911,67.4075,49.5358,36.162
2550,54.4823,72.5155,48.3217,33.9237
2580,52.3811,69.3255,48.2876,32.9988
2610,54.8673,65.0514,50.8679,37.6282
2640,53.4498,75.5227,52.6505,31.9123
2670,55.3067,72.7696,49.0841,35.176
2700,54.2745,72.9561,50.095,33.712
2730,54.7122,70.3213,50.9233,36.5109
2760,53.7244,73.2022,51.8767,33.765
2790,54.6989,74.9979,48.2741,31.1254
2820,50.1764,69.4219,53.0568,33.9706
2850,53.8478,67.5686,53.2673,34.4615
2880,51.4201,69.5814,51.5455,31.7404
2910,51.7708,69.9886,51.9581,35.2987
2940,54.1508,73.4524,50.571,37.4399
2970,51.7842,72.6216,51.5223,36.2748
3000,51.6562,67.4475,52.4321,32.171
3030,50.6772,74.0907,52.7188,29.2039
3060,53.9463,65.2829,49.5594,37.9882
3090,61.4963,88.123,62.1749,34.1166
3120,63.1221,85.044,65.2604,34.2399
3150,55.6654,81.1993,46.6882,34.5922
3180,53.9712,79.2372,50.3199,34.4784
3210,54.2371,72.9344,50.1438,35.9591
3240,56.9992,75.4998,49.5602,37.6758
3270,57.9575,78.4383,46.0709,33.9005
3300,58.6566,77.5974,46.6221,35.0951
3330,56.933,74.5472,51.5879,37.3931
3360,59.0383,83.9165,49.6329,36.6026
3390,55.3265,80.7706,47.9514,32.3345
3420,58.8192,79.6604,47.4223,35.6685
3450,61.1788,73.8462,48.3747,32.7354
3480,59.4907,73.5921,56.1077,32.3054
3510,62.834,81.3099,45.0888,34.8041
3540,64.6596,79.4572,47.8744,33.6631
3570,58.4833,74.3877,50.669,34.65
3600,64.8326,76.6085,45.421,31.6255
3630,62.5463,72.6707,50.8576,33.6531
3660,63.1376,81.7249,49.7441,32.6094
3690,60.7897,74.1553,43.5459,36.5689
3720,60.1105,77.5243,49.862,31.7585
3750,60.2287,79.6343,49.1747,33.2342
3780,64.0819,74.0552,46.4633,32.8929
3810,62.4646,78.3444,48.1705,31.4641
3840,64.6854,78.4808,45.2882,32.59
3870,61.6121,78.649,49.341,34.5202
3900,61.103,78.6148,48.1521,35.375
3930,60.8555,77.1795,47.3905,33.0199
3960,63.2671,80.0433,49.9417,33.5983
3990,62.2056,82.385,43.3117,31.9793
4020,63.8487,76.4382,47.7551,36.0524
4050,63.7085,80.5165,46.3645,35.2964
4080,60.9684,79.4094,52.763,34.5318
4110,62.1497,80.8446,46.3647,33.5768
4140,61.79,78.429,45.1757,33.2016
4170,58.9833,73.8085,50.3965,36.9432
4200,60.2764,81.4512,48.5293,32.6523
4230,63.3389,79.0453,48.0795,32.663
4260,62.5022,74.7087,47.3631,32.4587
4290,59.8933,76.5648,48.079,33.5304
4320,61.0104,76.4999,46.4313,35.3424
4350,60.8917,76.1358,45.8495,31.7935
4380,63.423,80.6149,43.5815,34.9027
4410,62.2404,74.1816,46.7627,35.4431
4440,62.0957,77.3139,49.085,37.1338
4470,61.5346,78.0198,49.1803,35.591
4500,61.5579,79.9028,47.3572,36.2423
4530,62.8439,77.8358,46.3865,35.2431
4560,61.7742,75.5292,47.485,33.1752
4590,63.1308,79.9298,45.1066,35.7385
4620,60.2191,79.2982,49.8788,31.4644
4650,61.456,75.8021,50.1013,31.9943
4680,61.2159,83.3153,48.8017,36.3963
4710,60.4331,73.6303,47.978,34.3946
4740,72.8619,88.7242,57.4938,34.0438
4770,75.1047,87.5725,58.39,31.347
4800,72.5918,88.1028,61.4416,33.9043
4830,75.3815,90.3083,62.7894,33.6715
4860,73.9467,83.7906,58.8711,34.7276
4890,74.0235,86.8425,58,33.9124
4920,72.5704,90.8967,56.5513,36.8544
4950,75.1062,80.8476,59.5019,34.2442
4980,73.0436,89.0916,59.6707,33.3418
5010,74.7774,84.7088,60.6341,32.2537
5040,76.066,86.2721,59.6923,35.3018
5070,81.5649,92.8879,63.5971,33.9512
5100,80.6648,89.7231,62.1219,33.6285
5130,82.0963,91.9496,66.9995,35.5272
5160,85.5161,92.6766,65.3042,32.1375
5190,81.1324,93.7429,68.9024,32.7288
5220,84.8214,88.2128,60.6359,33.3483
5250,82.4203,95.9985,64.3933,33.3762
5280,83.788,91.6792,66.2288,31.5836
5310,88.8132,96.6942,65.7792,32.9853
5340,88.8758,95.3792,65.4359,35.1797
5370,85.6946,97.292,65.1025,32.8903
5400,86.7685,94.3057,67.4965,34.4309
5430,87.3554,99.1315,61.9092,34.9858
5460,89.9988,94.2116,65.5216,34.4645
5490,87.5669,93.0483,62.6226,32.8202
5520,87.5451,96.4856,64.916,31.3124
5550,85.994,91.2105,63.1494,30.9282
5580,88.8111,91.3744,63.0044,35.6067
5610,85.6137,95.0944,62.6736,36.0479
5640,88.3793,94.3728,60.4074,31.9718
5670,86.751,93.1879,65.9835,34.9797
5700,83.1751,98.3359,62.7282,34.0649
5730,85.7697,96.1006,63.8147,29.6542
5760,83.0161,94.1853,64.1417,34.1273
5790,82.3046,100.882,63.7143,33.5459
5820,82.7305,98.5301,64.4033,36.8366
5850,78.11,102.003,68.0534,31.3626
5880,80.8582,94.4977,67.1007,34.0757
5910,81.1237,98.486,63.7282,32.8383
5940,75.902,98.0671,60.7983,31.1057
5970,78.4397,97.9085,68.5574,32.2508
6000,78.7491,99.6727,65.7008,36.9688
6030,80.3493,93.7749,63.3777,33.6476
6060,79.3526,99.2472,61.4038,34.0902
6090,78.863,98.321,66.7165,35.1068
6120,77.9297,96.6337,64.166,32.1595
6150,78.3699,94.4116,60.4189,34.4181
6180,79.364,92.6467,66.4656,36.0035
6210,79.041,97.0686,67.0096,30.3615
6240,78.7693,92.7175,64.4046,33.4358
6270,76.7809,103.098,62.9997,35.3816
6300,80.277,100.04,63.0225,35.7132
6330,78.8029,91.927,67.6238,33.4358
6360,78.331,98.4874,65.3474,33.8618
6390,79.0557,95.0323,64.1127,34.7641
6420,77.7763,93.4034,65.2213,34.8245
6450,75.8426,104.366,62.7843,34.8637
6480,77.1816,100.037,60.9363,35.0258
6510,78.9108,92.1937,66.3376,36.532
6540,79.7253,98.6812,62.2131,34.2827
6570,77.1735,97.629,65.6759,36.2302
6600,76.7198,95.1457,67.0127,33.6671
6630,77.8595,93.7169,61.8802,33.5001
6660,77.7061,97.6199,65.3835,33.6257
6690,79.1599,92.9714,62.4611,34.8459
6720,76.8462,96.2494,62.5779,34.4997
6750,78.8252,97.8748,60.7797,33.9428
6780,77.926,94.894,63.656,34.1871
6810,76.5182,92.7572,64.7526,37.6932
6840,80.8739,99.0117,59.9341,36.4025
6870,76.9487,98.1,65.3381,34.495
6900,78.435,94.8461,69.3507,36.3949
6930,79.6963,96.6228,61.6173,33.6515
6960,78.5594,94.1605,63.119,33.5627
6990,76.8748,94.3251,62.6149,34.3915
7020,79.6665,97.0361,66.9338,33.2591
7050,75.915,99.8855,65.6213,33.3559
7080,76.2817,100.917,61.9861,36.4584
7110,78.2727,98.176,67.6882,33.4612
7140,79.9339,99.3168,64.9579,31.53
7170,77.4763,96.7227,61.7856,35.5672
7200,79.2909,94.0518,66.3475,37.4324
7230,77.7375,95.2505,59.4335,33.9443
7260,75.5268,96.891,62.0243,32.4447
7290,77.8525,98.5269,63.5799,36.2602
7320,77.8295,91.8993,65.0954,33.592
7350,81.0706,102.227,63.6132,31.0663
7380,79.101,100.427,60.9928,34.3171
7410,77.476,93.0237,61.1949,32.0557
7440,80.322,99.0872,60.1851,36.3704
7470,77.4004,92.5326,62.9555,33.5159
7500,81.1047,94.5316,61.5446,36.2456
7530,80.2702,99.5018,64.9733,34.0808
7560,76.3191,98.7977,63.5689,36.8174
7590,75.4964,94.5315,59.1653,38.575
7620,77.7012,97.4394,67.3239,33.6456
7650,78.3495,101.521,68.9085,35.5573
7680,79.8093,94.5826,66.4285,32.6497
7710,76.5827,104.076,64.2096,32.6578
7740,79.5578,98.281,67.9225,36.1017
7770,79.133,102.967,60.8461,34.4736
7800,77.8824,100.134,64.3465,36.0209
7830,80.5379,101.704,65.6114,36.9542
7860,78.2548,101.907,64.6944,32.8089
7890,78.2862,99.3119,63.9577,33.4138
7920,78.1813,96.5865,65.0691,34.7011
7950,79.4354,99.9376,63.1495,34.4368
7980,77.5217,101.253,63.6329,35.8425
8010,81.2232,97.0166,64.5267,35.1694
8040,79.2599,93.91,66.1494,32.416
8070,83.1265,92.6047,62.3393,34.7129
8100,81.3463,95.6375,64.5974,35.3679
8130,83.2162,97.9004,63.2889,35.4257
8160,83.9646,96.3186,64.8494,32.6059
8190,86.3099,97.1514,59.994,36.1983
8220,85.2601,93.8685,61.7757,34.3072
8250,87.8723,96.0829,64.1501,31.8029
8280,89.1878,98.5134,66.6366,33.0748
8310,85.2569,99.9866,62.7993,34.1251
8340,86.3126,97.3503,64.5335,33.0179
8370,86.8435,92.9276,65.1293,34.3716
8400,89.5964,97.2469,65.238,34.3652
8430,84.7783,94.436,63.2113,34.0954
8460,86.1336,99.9063,60.2106,35.7837
8490,88.2883,96.4996,63.9263,34.6877
8520,88.1469,96.8145,60.219,34.2006
8550,88.4218,101.92,61.7697,34.9247
8580,86.64,102.742,60.1518,34.9007
8610,86.7711,98.3026,62.2308,35.3013
8640,86.5968,99.7991,61.4219,34.8404
8670,85.2892,102.931,60.6226,35.0807
8700,88.5503,101.287,59.7759,33.8563
8730,87.3779,102.521,61.8789,32.6155
8760,90.1226,103.159,60.7752,35.0504
8790,87.2885,102.872,60.2158,33.8831
8820,87.9349,103.501,61.3378,35.23
8850,85.9489,105.576,61.0307,31.829
8880,87.6967,97.5447,61.9225,32.5883
8910,87.9788,102.408,63.7171,35.2038
8940,88.2581,102.025,58.7993,33.2807
8970,87.5842,97.2205,62.2849,34.2895
9000,86.0299,100.169,63.4601,31.6999
9030,85.8985,101.849,61.2877,34.65
9060,86.2541,101.404,62.4107,35.6559
9090,86.4162,100.295,60.2867,32.8986
9120,86.5267,99.4222,62.0636,34.8788
9150,90.1891,103.539,62.4248,32.2003
9180,88.6624,104.524,64.0007,31.8433
9210,85.0236,100.189,58.748,33.6306
9240,88.4661,101.002,60.6623,35.9039
9270,87.4823,101.055,61.3212,32.7648
9300,88.187,98.4575,59.811,32.6235
9330,88.5834,104.815,62.1446,31.9353
9360,85.4945,98.4374,60.8393,32.0096
9390,89.2802,99.7459,61.6251,34.9002
9420,87.0747,99.3489,61.1708,33.8802
9450,87.3206,99.0032,63.4052,34.1647
9480,89.5811,100.077,61.4714,33.461
9510,86.9164,99.2314,62.4574,32.8443
9540,87.8304,102.823,60.7438,33.3556
9570,88.2029,98.7541,59.9453,34.0967
9600,85.8335,103.278,62.8079,35.7329
9630,84.3438,99.4287,63.5323,33.8799
9660,87.3489,102.681,60.6245,34.3313
9690,86.8033,97.3729,59.7126,31.6225
9720,89.3833,103.134,61.9409,32.4431
9750,89.1332,102.473,60.6106,34.0322
9780,86.7304,102.535,59.8667,31.3017
9810,85.2468,98.8403,61.9727,32.8542
9840,86.6499,102.084,62.3019,35.8831
9870,88.1482,102.626,58.5075,31.7746
9900,87.086,103.384,62.2378,32.4281
9930,88.6021,102.24,62.3495,32.7514
9960,87.973,104.038,60.218,35.5362
9990,88.5391,104.412,62.9094,31.7396
10020,72.3241,76.9826,46.5932,33.8511
10050,70.9286,79.7408,50.0506,34.0132
10080,69.8791,81.6021,45.8896,33.1975
10110,67.7317,76.7222,48.2921,34.1445
10140,67.0751,77.9832,44.7178,32.7859
10170,68.4416,80.422,47.5765,35.1531
10200,67.9325,78.7889,46.0676,33.157
10230,68.8158,79.0934,43.3885,32.3916
10260,67.0626,80.1379,47.3072,33.9435
10290,66.3404,82.5754,44.7272,35.0475
10320,67.9702,75.8147,47.0095,35.587
10350,66.7131,78.9359,45.1819,33.277
10380,60.1992,75.3582,40.5103,31.5224
10410,63.0321,114.604,73.2061,53.2991
10440,66.025,112.59,72.6772,53.6763
10470,66.1867,115.793,72.5954,55.9278
10500,63.5646,112.572,76.225,54.1504
10530,66.1397,110.856,74.554,55.1155
10560,67.3614,115.52,73.5417,54.3477
10590,66.0311,118.068,74.1687,57.0396
10620,64.9727,111.559,74.8815,55.6953
10650,68.9316,115.375,74.3526,56.344
10680,65.1885,112.282,74.2901,54.8998
10710,67.0419,113.503,75.0209,55.1023
10740,68.4077,115.67,71.3897,53.3491
10770,65.6122,115.901,71.8282,54.3316
10800,66.6308,114.535,76.1467,57.0662
10830,64.0656,115.437,76.8105,55.938
10860,67.7062,114.455,73.5259,53.8624
10890,64.0667,109.409,76.2083,55.1035
10920,65.9202,110.978,74.1181,54.9781
10950,63.3625,109.771,75.3074,54.6173
10980,67.4967,111.507,75.6431,55.336
11010,67.0731,110.559,74.7119,55.5031
11040,66.0962,112.377,73.9845,55.6416
11070,65.533,113.485,74.6905,56.3637
11100,64.6624,110.955,73.4853,55.9994
11130,66.0673,110.1,76.4299,57.1649
11160,67.3092,109.275,75.7794,56.4077
11190,66.7768,109.496,76.3004,55.2495
11220,64.7484,108.824,74.758,56.6975
11250,66.7381,113.205,77.4675,56.3861
11280,64.3803,108.965,74.3731,56.3165
11310,67.8202,111.761,76.4493,55.4663
11340,64.4444,112.866,74.706,56.839
11370,64.6022,108.753,73.9085,58.0614
11400,65.0421,112.553,74.5763,57.9805
11430,67.5685,114.062,77.2387,55.3217
11460,64.5519,109.846,75.5005,57.5187
11490,64.6555,111.079,73.7662,55.5502
11520,66.3088,110.587,75.2816,56.904
11550,67.7563,109.508,76.0045,55.2201
11580,67.7734,113.852,75.5578,55.3729
11610,64.3749,112.272,77.5319,55.8831
11640,65.5362,113.321,76.942,56.2138
