Time,FC,PAS,PAM,PAD
-1,62,89,88,80
0,68.2,97.9,96.8,80
30,67.5177,100.255,95.278,80
60,68.3428,97.4426,98.8113,80
90,67.0816,100.046,99.159,80
120,69.1956,100.084,99.0893,80
150,75.7827,96.1203,107.961,80
180,76.6542,99.7324,105.894,80
210,67.6092,97.0808,94.6505,80
240,67.442,97.3447,96.051,80
270,67.7518,98.0457,95.4591,80
300,69.6844,96.1353,97.2605,80
330,66.7643,98.3089,99.0574,80
360,68.3048,100.056,95.4419,80
390,66.7604,100.235,95.0567,80
420,69.4017,97.7558,97.5714,80
450,70.1518,96.1651,92.9858,80.5792
480,68.3903,98.9837,94.8514,81.7538
510,66.8496,98.696,97.3751,80.0777
540,66.3368,96.2312,97.094,78.2159
570,68.7253,97.8694,95.9835,81.1355
600,68.6849,98.1775,96.1494,81.6628
630,65.9137,100.713,96.5302,78.8732
660,68.2582,99.6598,97.9147,81.0122
690,69.5519,97.8343,97.4685,81.8264
720,68.8877,98.2729,97.326,81.4697
750,68.0071,98.3699,100.198,81.5592
780,66.9192,98.2917,99.7603,79.8691
810,67.4307,93.8235,92.8799,79.3679
840,64.9269,99.8028,97.3113,80.5751
870,63.2577,79.3212,76.2483,62.4443
900,63.7565,77.9792,78.9797,66.0221
930,62.4734,80.1906,79.1893,65.189
960,63.0269,74.7963,74.8557,66.2524
990,66.3078,81.7935,81.3812,63.5351
1020,60.8118,79.4656,73.9622,62.0498
1050,65.2576,81.3555,76.5348,63.3812
1080,59.5908,77.0137,79.4269,67.1789
1110,61.8319,77.373,75.5253,64.4021
1140,61.4775,100.653,83.1783,64.6013
1170,64.5843,98.8019,77.7087,61.2914
1200,59.9321,97.7813,99.8147,77.7855
1230,58.3041,98.6602,96.0618,78.0225
1260,61.0249,98.8031,95.2171,78.8206
1290,63.3006,95.7191,96.1385,78.5727
1320,63.3555,103.695,98.2423,83.7086
1350,59.5797,96.2282,98.8382,80.0093
1380,57.6643,98.981,95.8263,81.1654
1410,60.8189,100.876,97.3762,83.945
1440,59.8921,100.083,95.3517,79.8472
1470,60.7394,97.8642,96.5963,82.8803
1500,62.6992,100.892,94.1786,81.8597
1530,57.3764,102.031,93.7981,80.8444
1560,54.5571,76.7953,83.5714,56.6453
1590,51.4228,73.3304,42.829,54.9207
1620,53.0887,64.5308,43.2413,53.445
1650,53.7485,66.0794,42.411,57.1632
1680,54.9084,65.8769,40.6367,54.8576
1710,50.2573,69.174,40.2846,58.3234
1740,55.1045,72.116,41.7825,57.3794
1770,52.0289,64.9177,42.2362,54.6146
1800,54.1707,71.1831,62.2268,52.5173
1830,54.4283,67.9465,63.1385,55.8978
1860,54.0789,67.1581,60.2323,58.6312
1890,55.1921,66.1314,61.8608,56.2631
1920,53.8949,64.6828,60.7577,55.9266
1950,51.7322,63.2298,62.6124,52.5102
1980,56.0281,61.3305,66.9555,53.8709
2010,53.6378,63.7833,58.3648,54.8937
2040,54.2216,70.2207,61.9279,57.0302
2070,55.8647,65.3002,64.5997,53.907
2100,53.6276,66.4666,63.5161,57.052
2130,55.9313,67.5567,61.6385,55.9142
2160,55.3326,71.4867,60.0531,56.6798
2190,48.6923,52.6371,54.3182,37.88
2220,50.2949,43.8295,43.825,40.7522
2250,49.694,44.5025,42.9101,40.3839
2280,51.1055,47.4167,46.7285,38.1655
2310,55.7588,47.1138,52.3849,37.9669
2340,50.4922,51.7017,45.0513,43.9938
2370,56.4966,47.5661,47.719,37.5881
2400,53.1029,45.4144,48.6534,42.6324
2430,52.7388,45.6034,48.0797,36.163
2460,49.8497,50.2327,47.1022,37.7591
2490,53.336,42.5456,49.9557,40.9823
2520,53.5151,46.5963,48.8945,40.568
2550,52.6871,47.352,53.4799,36.8008
2580,51.2094,53.5704,50.3817,40.9948
2610,49.192,42.9909,50.4673,36.4254
2640,48.3435,40.4041,52.3582,43.1426
2670,52.7715,40.2667,44.8195,38.9171
2700,48.8545,48.957,52.1359,38.8415
2730,49.5274,47.3826,51.2624,38.8801
2760,50.086,50.4763,49.7191,41.576
2790,51.0113,53.7227,52.047,38.046
2820,47.7559,46.8282,48.6206,41.4589
2850,60.7071,58.4009,59.8246,37.0652
2880,59.783,57.8173,55.5143,34.7308
2910,53.5472,48.9624,49.1966,42.6894
2940,55.5173,47.81,47.8934,41.9505
2970,51.5827,44.3594,46.7468,38.6024
3000,51.4466,52.1135,47.893,41.4132
3030,51.3665,50.3814,44.6053,39.0252
3060,52.872,48.4345,49.0509,42.5748
3090,52.7421,50.2457,51.1828,38.4612
3120,50.3531,54.6268,46.0425,38.2288
3150,50.0078,45.8174,46.4359,41.5223
3180,50.4525,52.3147,43.7262,35.6199
3210,53.0176,47.4407,49.8922,38.4421
3240,50.6595,48.0376,48.6524,38.4657
3270,51.9038,45.5755,48.8134,36.4789
3300,53.7354,51.3667,53.1099,37.8398
3330,52.6537,54.7897,48.1412,38.6904
3360,55.1544,46.6241,46.2989,41.7595
3390,52.5052,49.3763,47.0275,35.6656
3420,52.5393,43.8468,50.194,40.7561
3450,53.5198,44.9011,49.2533,37.9587
3480,55.0674,47.381,49.981,36.925
3510,51.5789,50.3038,48.6369,41.0344
3540,54.0587,51.8299,51.628,43.0009
3570,56.7651,49.923,49.0193,38.2151
3600,55.596,53.1939,49.0615,41.4877
3630,57.1878,54.5503,50.8586,39.6766
3660,58.3757,51.3923,50.8171,39.1805
3690,54.7187,45.8437,47.8289,39.4204
3720,57.6165,48.4728,49.2128,38.113
3750,57.5604,50.9018,48.3767,40.4745
3780,61.5894,46.2967,51.2942,36.8914
3810,59.0909,54.5952,46.8655,39.7819
3840,57.157,55.2382,48.1115,39.0748
3870,57.0255,49.5708,48.4351,40.4651
3900,58.4265,47.9545,48.165,37.6384
3930,59.3251,51.2253,47.341,39.1803
3960,56.5415,46.0668,47.2388,40.3335
3990,61.3481,39.5981,46.264,38.2551
4020,58.6854,47.9153,45.8517,36.4707
4050,60.8056,52.0501,48.2446,36.901
4080,71.1159,60.2143,59.5735,35.7274
4110,71.2762,58.2542,58.0848,39.0301
4140,69.9079,54.7835,62.247,34.4667
4170,72.1479,55.879,58.2009,34.664
4200,71.4703,61.8303,57.3519,38.2027
4230,72.3288,55.3004,60.7215,37.1624
4260,69.7488,63.3669,60.8437,36.4109
4290,69.7449,57.6039,54.6716,38.9187
4320,71.6338,59.6094,58.1475,41.1245
4350,72.1394,59.2459,57.6254,39.9641
4380,71.7526,53.4284,58.7262,37.7277
4410,75.5508,54.9853,63.9778,35.0433
4440,77.8428,63.3599,63.7969,37.5694
4470,77.1812,59.257,62.432,34.9897
4500,74.9797,64.2331,67.1673,40.62
4530,77.09,53.8318,60.5334,38.115
4560,74.146,61.7961,67.2639,34.9175
4590,78.0844,58.1815,60.3392,38.9311
4620,72.3623,54.2578,64.4837,36.9844
4650,76.1835,54.3802,66.1335,38.5219
4680,77.9375,58.0499,64.4784,34.5033
4710,74.7023,60.7954,66.0232,40.473
4740,75.9727,57.9358,63.9325,37.7012
4770,75.5771,60.0913,63.3022,36.1401
4800,77.1433,60.3355,65.6586,40.9306
4830,78.1527,56.8733,66.6233,39.0688
4860,74.1535,59.9703,67.7805,37.6711
4890,78.0943,62.8545,66.4554,36.8148
4920,76.9485,57.0683,60.8712,36.9099
4950,76.7588,62.3588,61.6009,38.0668
4980,77.2595,66.6976,67.1357,37.5647
5010,76.3762,59.99,65.7523,41.9757
5040,77.0426,65.7419,65.74,38.9884
5070,74.1583,66.0293,59.7833,35.4006
5100,75.877,59.8265,64.9281,42.0526
5130,76.038,66.5168,66.8466,38.7757
5160,73.3249,56.0666,65.0543,40.9048
5190,76.4861,64.82,64.3974,38.9637
5220,75.6827,60.3604,64.7579,38.3503
5250,70.8508,69.819,65.1342,36.123
5280,73.9604,59.6005,65.9323,42.2263
5310,71.3298,64.1396,63.6131,36.1546
5340,70.3397,62.398,66.3051,40.5836
5370,71.587,66.2576,64.4072,39.9723
5400,73.0476,61.706,63.6813,40.3541
5430,74.1157,60.9272,63.833,40.2753
5460,70.7287,63.8888,64.8097,37.6681
5490,70.8656,61.0492,67.3782,40.4604
5520,72.27,64.2789,61.437,36.2535
5550,70.7481,60.5367,64.1223,35.8434
5580,76.2747,58.4481,62.82,39.3603
5610,74.5156,70.4733,62.0804,38.6449
5640,73.115,60.3811,60.6314,35.036
5670,76.944,60.4948,66.7243,36.8887
5700,74.6135,63.5256,67.5716,37.5853
5730,72.2007,66.7585,67.8196,34.1784
5760,73.8259,59.7317,67.6337,37.7206
5790,73.8021,63.2639,65.3967,37.6817
5820,76.1693,59.6552,66.6213,37.279
5850,74.8822,67.5242,62.7102,36.0009
5880,73.9983,54.9071,62.345,36.7319
5910,76.2822,58.9283,67.9828,35.9556
5940,77.1703,60.7289,61.6812,37.0477
5970,77.1929,66.6905,67.2392,38.1086
6000,78.6025,61.176,69.431,35.9971
6030,78.832,66.7393,65.3866,35.45
6060,75.1133,63.8648,64.6462,37.3781
6090,74.024,61.3596,64.1909,36.1822
6120,74.4555,62.2721,61.4972,34.4984
6150,77.0089,61.4805,67.1731,42.5532
6180,73.4876,59.738,65.1709,36.8464
6210,72.4131,59.9487,66.6642,33.4422
6240,74.4636,64.7559,70.26,36.0348
6270,75.7592,59.7663,63.7172,36.5669
6300,73.765,63.439,65.3702,40.6213
6330,77.6054,66.035,67.1121,35.9442
6360,71.9596,60.1796,64.3624,36.0646
6390,74.4685,63.5785,66.5035,36.081
6420,76.5918,55.6885,64.5179,37.0203
6450,74.8351,61.9334,65.1923,38.0649
6480,78.4989,62.5731,63.1916,37.465
6510,78.0574,63.836,68.0179,37.3247
6540,76.7771,63.3921,63.8345,38.2153
6570,73.4924,64.1787,61.8307,36.6902
6600,76.1402,66.6548,66.2093,39.0088
6630,74.2571,59.8648,63.4091,35.3597
6660,78.5609,53.3795,65.9534,34.803
6690,77.0705,60.6771,64.4476,40.3275
6720,77.2993,61.3275,63.0655,39.4536
6750,77.8354,58.4963,65.1509,38.9799
6780,73.8359,62.8294,66.9995,36.0099
6810,74.7289,63.0017,62.7115,35.4486
6840,78.4118,58.4882,63.0518,34.91
6870,74.2177,58.3383,63.7377,40.0357
6900,74.0038,61.9977,65.9998,36.6138
6930,74.7401,59.0093,66.1958,37.8199
6960,74.4491,66.3947,63.4161,37.1149
6990,73.9184,60.4932,66.3108,41.4711
7020,73.2006,62.6047,68.1573,37.8471
7050,77.1976,61.2432,69.2426,34.8226
7080,78.73,64.3764,65.0142,34.7372
7110,73.5395,64.1058,68.7898,37.3541
7140,75.3088,68.3929,67.4168,38.4574
7170,75.6029,60.025,66.1658,40.3897
7200,75.9821,59.017,65.09,38.6343
7230,79.6623,63.6694,65.7745,35.7822
7260,80.1741,63.537,62.2656,39.1844
7290,75.521,62.596,67.9169,36.8109
7320,73.8509,65.2705,71.7129,39.0256
7350,77.3279,64.0235,64.6839,37.3956
7380,76.8978,69.85,63.2599,36.5109
7410,76.191,60.1799,67.9625,38.4194
7440,78.6639,69.8955,69.1157,34.9562
7470,74.0193,65.0124,66.8688,35.7762
7500,79.4479,66.3377,65.1261,39.2858
7530,75.6703,62.0093,65.1983,38.3007
7560,74.1426,67.8666,67.9307,34.2634
7590,75.3491,70.556,64.1914,37.0639
7620,78.0881,64.415,64.4945,35.1274
7650,78.6174,68.8108,64.7283,35.4922
7680,81.948,62.4207,61.7682,38.6427
7710,78.3201,62.8111,68.0292,36.4839
7740,81.7785,64.4503,65.8518,39.7561
7770,79.2663,65.2189,68.4652,36.1399
7800,80.1611,65.9426,65.5543,38.6647
7830,85.7818,65.3334,69.0216,37.0384
7860,82.6637,61.9186,67.6311,34.817
7890,82.4766,71.1974,65.9997,37.1964
7920,84.7185,66.9238,68.3952,37.9962
7950,86.1332,67.2534,70.159,40.5859
7980,85.9349,71.7816,62.8386,40.4982
8010,83.8037,66.509,65.9196,39.084
8040,83.7228,69.113,64.7113,35.8413
8070,86.3981,70.2565,67.1241,37.9972
8100,85.2694,64.7085,63.8816,36.4589
8130,84.3957,69.0159,66.5299,34.5524
8160,84.7583,65.1465,67.5001,35.6326
8190,86.2495,72.1696,64.1135,37.4571
8220,84.8458,65.6792,67.1788,35.2765
8250,84.1962,63.369,66.1695,35.8693
8280,86.1709,68.9694,64.2566,35.0107
8310,84.4517,67.2412,64.0756,35.1557
8340,85.9954,66.3209,66.1504,37.5881
8370,85.2443,68.596,64.0284,34.9827
8400,85.9706,64.1097,64.6149,36.0295
8430,85.3731,66.7262,67.2406,35.8991
8460,86.4909,64.0376,66.1135,37.7636
8490,86.6061,69.7048,65.7023,36.9126
8520,85.0482,67.9116,66.6826,36.9596
8550,84.7599,69.1594,66.8953,38.0397
8580,84.9799,66.343,66.6958,37.5828
8610,84.6162,69.1065,67.3942,37.8947
8640,83.4586,64.7249,64.8081,36.3846
8670,86.5641,64.7865,67.082,36.326
8700,84.7991,66.5767,64.9913,34.9064
8730,85.5181,69.0585,66.5671,37.8772
8760,85.9808,66.6615,65.8193,38.0272
8790,85.2087,65.8261,67.1825,37.5521
8820,87.0466,67.6427,66.1496,35.128
8850,85.8323,67.1206,63.8091,36.7797
8880,86.829,65.8174,63.966,36.6169
8910,85.9949,69.6118,63.7207,38.0731
8940,68.2566,52.043,51.0171,34.5351
8970,67.4742,54.5662,54.4804,37.9526
9000,67.559,52.4177,54.3418,37.3612
9030,69.8456,54.3292,53.1599,37.2176
9060,68.9859,51.6504,51.3162,34.6354
9090,70.6038,56.3298,50.2852,36.8852
9120,68.5809,54.9653,48.506,38.1194
9150,70.2134,51.8051,51.4873,35.3675
9180,69.9316,56.5221,48.6092,38.1443
9210,70.5047,51.0485,51.3813,35.0178
9240,69.6751,55.1592,51.3533,36.2715
9270,69.4298,53.2706,48.4915,38.2157
9300,70.1296,50.7492,47.7846,36.5174
9330,67.2882,54.4235,48.3957,36.0244
9360,68.84,52.6002,49.2171,35.0718
9390,69.7831,52.1488,49.2039,35.6409
9420,61.3669,48.3719,43.1081,34.9075
9450,68.1169,61.0167,56.9924,60.0585
9480,69.0917,75.9881,73.4461,60.6863
9510,67.5989,75.2424,72.2043,60.004
9540,65.4038,78.5877,73.6582,59.3629
9570,65.8287,75.4238,72.4015,61.0637
9600,66.7694,81.1315,73.2306,58.9921
9630,66.0095,76.018,71.5656,60.8043
9660,68.1244,79.2064,72.761,60.5431
9690,68.4796,80.783,73.4664,61.6875
9720,65.0236,79.2183,71.3384,61.1219
9750,67.7627,80.3452,74.0473,61.59
9780,66.476,80.456,73.8556,60.8484
9810,68.7162,78.1952,70.8268,59.8928
9840,66.7406,81.1486,71.5641,61.2317
9870,65.2893,79.7006,70.9641,61.8027
9900,66.4586,80.6299,71.3074,59.4219
9930,68.1423,75.8799,74.029,61.5895
9960,68.191,76.8064,71.7124,60.2957
9990,65.2792,77.4188,70.7975,60.3756
10020,65.7651,75.6914,74.1561,59.0287
10050,67.377,76.2062,71.6047,62.4084
10080,65.4157,79.7616,72.7416,59.472
10110,66.8317,80.5996,70.1205,61.6965
10140,68.0191,77.0442,74.039,60.4744
10170,66.7302,81.022,70.9949,59.4072
10200,65.7339,79.0412,72.4705,59.7371
10230,69.1059,79.9165,72.9247,59.3641
10260,68.5334,79.481,71.0188,60.2584
10290,68.5867,78.9104,71.663,62.3093
10320,66.3007,75.3035,70.6818,61.5607
10350,68.7318,76.0676,72.3172,60.9816
10380,66.8563,78.35,70.3213,61.9514
10410,66.771,76.8698,70.2134,61.0208
10440,68.7371,79.0048,73.6395,61.9214
10470,66.4682,78.6746,70.1324,59.4765
10500,65.9537,76.6122,72.506,59.0796
10530,68.4761,81.3229,70.247,59.283
10560,69.2177,76.265,73.7346,62.013
10590,66.3328,77.8749,72.0263,61.6095
10620,68.6029,81.0524,74.936,60.0937
